# bin_3_2
6.419270504343450770e-05
6.300499504569535771e-05
6.183659404661636381e-05
6.068739252386104064e-05
5.955737549866665123e-05
5.844644265980671402e-05
5.735453832224997659e-05
5.628153100115830526e-05
5.522735730609920271e-05
5.419348211334338911e-05
5.320171673865712095e-05
5.222777851528694515e-05
5.127156292649735157e-05
5.033288155407312635e-05
4.941160160049484892e-05
4.850752269003983183e-05
4.762047854720462476e-05
4.675025271984822005e-05
4.589666774536360996e-05
4.505948226054877308e-05
4.423795740481009794e-05
4.342373162021050098e-05
4.262540095642824870e-05
4.184269338951034973e-05
4.107537995425249091e-05
4.032318456510383464e-05
3.958586284068848002e-05
3.886313170327053315e-05
3.815473097746518370e-05
3.746036010363210458e-05
3.677978115416441908e-05
3.611270738127557396e-05
3.545925973804168985e-05
3.481873226121766298e-05
3.419083421759487422e-05
3.357528550121581810e-05
3.297180259699082747e-05
3.238007091104658453e-05
3.179985948934711002e-05
3.123085082156966912e-05
3.067278255512327547e-05
3.012537626017516756e-05
2.958844814387024774e-05
2.906385836312876038e-05
2.854907001382189590e-05
2.804379462726661802e-05
2.754782786539174732e-05
2.706087606224611829e-05
2.658271083900848184e-05
2.611308280200745049e-05
2.565173787710920504e-05
2.519847496300801223e-05
2.475304831265635389e-05
2.431511222590323286e-05
2.388217699354190933e-05
2.345647353059194910e-05
2.303782192415419495e-05
2.262601722567057311e-05
2.222084818451985653e-05
2.182217927031078361e-05
2.142980424440421168e-05
2.104353055550958198e-05
2.066325497168812982e-05
2.028877187152603516e-05
1.991987542795015960e-05
1.955423643976215395e-05
1.919399673158342915e-05
1.883908746073467276e-05
1.848934071311154485e-05
1.814461865752099907e-05
1.780486837076993158e-05
1.746992239098157939e-05
1.713971755383826364e-05
1.681413704232833368e-05
1.649305219821672284e-05
1.617637799392192160e-05
1.586189214599674973e-05
1.555172666752282004e-05
1.524586661402631586e-05
1.494417495779810123e-05
1.464663668604077444e-05
1.435316336031092307e-05
1.406365458831176460e-05
1.377815056694210403e-05
1.349653664541042910e-05
1.321876530565650496e-05
1.294492417778388862e-05
1.267687472944856307e-05
1.241253058688254475e-05
1.215182030462022656e-05
1.189466378588223229e-05
1.164113638147261216e-05
1.139113477277720060e-05
1.114464255607792766e-05
1.090167392615781391e-05
1.066213116344489264e-05
1.042606597469015951e-05
1.019313696723098909e-05
9.957551287640584940e-06
9.725583219837425803e-06
9.497125500879715558e-06
9.272177548758844332e-06
9.050745203933127262e-06
8.832730747011918585e-06
8.618207843802496479e-06
8.407096822698861534e-06
8.199329800196991167e-06
7.995012008230559873e-06
7.793660231635862412e-06
7.588963089174448908e-06
7.387909064160687951e-06
7.190391788376236869e-06
6.996500819287054763e-06
6.806132127642423787e-06
6.619210859553557825e-06
6.435838499989750658e-06
6.255882971799972494e-06
6.079366636239023666e-06
5.906260066965324781e-06
5.736809055680892719e-06
5.575444052913533653e-06
5.417158000825585750e-06
5.261890494186498869e-06
5.109751665646011783e-06
4.960604006786025310e-06
4.814495068981671933e-06
4.671388072952289288e-06
4.531176542197558315e-06
4.393999668810572254e-06
4.259723519397069071e-06
4.126697146517642418e-06
3.982358091239847434e-06
3.841835909335734987e-06
3.705146421426409563e-06
3.572190749304725692e-06
3.442803376681989274e-06
3.317088988447530964e-06
3.194854991010855148e-06
3.076024698659862258e-06
2.960644290534098337e-06
2.848511634791495518e-06
2.739889328028974935e-06
2.635750481479529146e-06
2.534522679984562130e-06
2.436332265279223051e-06
2.340994784389601106e-06
2.248473522241755942e-06
2.158803756686859918e-06
2.071810036038435172e-06
1.987559418193131768e-06
1.905962849665927629e-06
1.826889360948151506e-06
1.747117189895255126e-06
1.657415067064178760e-06
1.572728749716156183e-06
1.492744481347611959e-06
1.417020311406931816e-06
1.345380262015634790e-06
1.277514562309310744e-06
1.213119219570581112e-06
1.152126002489821402e-06
1.094211115184547962e-06
1.039233868081135563e-06
9.366574382667711688e-07
8.930303363360039921e-07
8.511638280819187491e-07
8.109342015922308405e-07
7.722167650439212325e-07
