# bin_2_1
1.987412515985614227e-05
1.956817614456354454e-05
1.926440312371417260e-05
1.896283115371756288e-05
1.866353534324715669e-05
1.836655390664991051e-05
1.807194741775793449e-05
1.777975760414272712e-05
1.749005373989666448e-05
1.720448717902301765e-05
1.694503831261196821e-05
1.668763385882357766e-05
1.643234766953406974e-05
1.617922536118205281e-05
1.592832721740225634e-05
1.567969807913952783e-05
1.543340180424844884e-05
1.518947027479847971e-05
1.494797134630280231e-05
1.470893331515823988e-05
1.447187534941644007e-05
1.422872354391569787e-05
1.398832255035388044e-05
1.375070190930532356e-05
1.351590635440959339e-05
1.328395462028101199e-05
1.305488925924259811e-05
1.282872464051847491e-05
1.260549502953953492e-05
1.238521552453930715e-05
1.216790970453045909e-05
1.195361350334822007e-05
1.174273651388736106e-05
1.153486191747547698e-05
1.133000967678826739e-05
1.112817658174117849e-05
1.092937412941276803e-05
1.073359970279322349e-05
1.054085820154578361e-05
1.035114185389343339e-05
1.016444952693820156e-05
9.980768072955381614e-06
9.800197415866070266e-06
9.624831066972446746e-06
9.452398967119954770e-06
9.282879528656486057e-06
9.116259942896162580e-06
8.952514905776524665e-06
8.791625564857828183e-06
8.633562603807176439e-06
8.478304235136499366e-06
8.325818528263884914e-06
8.176078419340087239e-06
8.028947194634238153e-06
7.882066096233697380e-06
7.737878069634296412e-06
7.596350153850303914e-06
7.457441452982541251e-06
7.321115837631468826e-06
7.187333657448900571e-06
7.056056326259049199e-06
6.927238394293192488e-06
6.800845290147459048e-06
6.676829828600637374e-06
6.555068582895016402e-06
6.433344533568101146e-06
6.313923081717010843e-06
6.196763234091616719e-06
6.081820334460501546e-06
5.969046923840806414e-06
5.858406938606515471e-06
5.749850141589606163e-06
5.643338794841154268e-06
5.538826692107818895e-06
5.436270368656071088e-06
5.335556278067187717e-06
5.234553293330818576e-06
5.135438671859769976e-06
5.038178520045225953e-06
4.942724781149894468e-06
4.849043988561515481e-06
4.757093385289274232e-06
4.666832499949076052e-06
4.578231634620567505e-06
4.491249699736349729e-06
4.405849939578064642e-06
4.322085095153569105e-06
4.241887136699920181e-06
4.163121715341798228e-06
4.085753004413275110e-06
4.009747545483960649e-06
3.935084991314104489e-06
3.861731076220906494e-06
3.789657965141901092e-06
3.718843593271559534e-06
3.649253836153156456e-06
3.580871526882710120e-06
3.513393883854195504e-06
3.441069843282384216e-06
3.370064248952720683e-06
3.300344068886345610e-06
3.231885066997064676e-06
3.164665910197474046e-06
3.098654420673140381e-06
3.033837282199702418e-06
2.970185199634908949e-06
2.907672534878703321e-06
2.846289666676224265e-06
2.785639035544451492e-06
2.719377752300380687e-06
2.654482459272700732e-06
2.590916458019164787e-06
2.528664318727067227e-06
2.467690605858781097e-06
2.407965272870530366e-06
2.349475486700148463e-06
2.292187085941441017e-06
2.236079921736704339e-06
2.181130293332033369e-06
2.127661419766827709e-06
2.079982660553272374e-06
2.033174939291933409e-06
1.987220235202936423e-06
1.942117993994584341e-06
1.897843819794198092e-06
1.854390526576804581e-06
1.811742827537676167e-06
1.769878563272553225e-06
1.728803501779396906e-06
1.688492719922765280e-06
1.647329377918808863e-06
1.592649988049548324e-06
1.539714084071276664e-06
1.488467163981375145e-06
1.438844990524697134e-06
1.390778772410480805e-06
1.344234331151448539e-06
1.299143316594356650e-06
1.255453555537862812e-06
1.213129710087657605e-06
1.172109390787847515e-06
1.132576413612847454e-06
1.095552302888067166e-06
1.059565229098062019e-06
1.024609494689728161e-06
9.906383142544757566e-07
9.576247495595461962e-07
9.255529634814256026e-07
8.943802313928949982e-07
8.640968018116890726e-07
8.346707909534941388e-07
8.060662004065901057e-07
7.749422710881525275e-07
7.322029671294009270e-07
6.927853530986415157e-07
6.563450913350588686e-07
6.225530690034551417e-07
5.911531720858767677e-07
5.618923062017361543e-07
5.345435222839655045e-07
5.089461184939488659e-07
4.849104287512209576e-07
4.622948289042975985e-07
3.905788923880379146e-07
3.764407314281346620e-07
3.626659181610278654e-07
3.492372609831203138e-07
3.361398769460330641e-07
