# bin_4_1
2.256511660808680506e-05
2.222805991495884628e-05
2.189366650481722391e-05
2.155992087042276403e-05
2.122895679205655419e-05
2.089886005062632375e-05
2.057165066973961519e-05
2.024554132726114032e-05
1.992241573294610185e-05
1.960224299007932083e-05
1.930868771216782750e-05
1.901610065530418253e-05
1.872616418294588788e-05
1.843741672921872581e-05
1.815144083062741643e-05
1.786686691146092306e-05
1.758518147316348056e-05
1.730510520199855554e-05
1.702802884385051931e-05
1.675275611686845905e-05
1.648006610139700492e-05
1.620072156099078802e-05
1.592474115796199764e-05
1.565106240918660673e-05
1.538084292101343344e-05
1.511307246481850090e-05
1.484883822763285717e-05
1.458719270000263687e-05
1.432916029654722980e-05
1.407385851103634534e-05
1.382220499462697008e-05
1.357339403472452879e-05
1.332870242718300696e-05
1.308690186049737731e-05
1.284884094298683254e-05
1.261374741779035754e-05
1.238241436335844902e-05
1.215414699244145030e-05
1.192961839672647593e-05
1.170817623775994787e-05
1.149048927666880535e-05
1.127590458304631418e-05
1.106518183554349596e-05
1.085978523497669357e-05
1.065806665213715011e-05
1.045947023698581210e-05
1.026447018769403180e-05
1.007255442179346962e-05
9.884216243784315140e-06
9.698923401149561540e-06
9.517182704130659128e-06
9.338428974854881231e-06
9.163139789775932799e-06
8.990769015115184946e-06
8.819299416854687576e-06
8.650815153136798841e-06
8.485664752274521642e-06
8.323417447603695713e-06
8.164467649266950262e-06
8.008305785325558137e-06
7.855314255721402428e-06
7.705133409773642301e-06
7.557956276486667537e-06
7.413484760710961369e-06
7.271866797061463610e-06
7.130589689603052880e-06
6.992277315530414503e-06
6.856460679109005201e-06
6.723459854595362029e-06
6.592980467672759094e-06
6.465127765374472388e-06
6.339696446752303823e-06
6.216823338699113979e-06
6.096243305698370232e-06
5.978222530415712744e-06
5.862243851997911858e-06
5.746501829257326621e-06
5.632973674271729977e-06
5.521706075789507677e-06
5.412574573890343064e-06
5.305637087693539601e-06
5.200700254076747429e-06
5.097996328138314932e-06
4.997106839908778167e-06
4.898292219517321150e-06
4.801340761756204797e-06
4.706352904140703818e-06
4.615239891263501205e-06
4.525889610871995377e-06
4.438175670123758466e-06
4.352307624809533473e-06
4.267887244704208936e-06
4.185167341833828739e-06
4.103957922935549210e-06
4.024269393843637183e-06
3.946090313688374482e-06
3.869360717546649098e-06
3.793742735029324179e-06
3.713700791082833601e-06
3.635031222988163775e-06
3.557980391672161073e-06
3.482367949777319163e-06
3.408202775578727049e-06
3.335510540407135903e-06
3.264169879297488688e-06
3.194168760165692796e-06
3.125669921499861288e-06
3.058306411369927318e-06
2.991959768360919962e-06
2.920129761509862658e-06
2.849830175888042996e-06
2.781105964364819179e-06
2.713769640994321122e-06
2.647856611588012743e-06
2.583501595800029271e-06
2.520348185660681484e-06
2.458639833763354590e-06
2.398186486963622448e-06
2.339017655684569652e-06
2.281559926656868545e-06
2.229892494115161447e-06
2.179215432076161710e-06
2.129645997705961939e-06
2.080860315879597543e-06
2.033116190666285996e-06
1.986216736230729524e-06
1.940214741244441506e-06
1.895209243182810510e-06
1.850932611847456212e-06
1.807524738217966363e-06
1.763462169120907623e-06
1.705786004259704206e-06
1.650051379729030254e-06
1.595986932089115993e-06
1.543605613383805092e-06
1.492982126027229252e-06
1.443777254629485789e-06
1.396118920708870952e-06
1.350008564394013187e-06
1.305156152968365956e-06
1.261792311979659768e-06
1.219864859290611779e-06
1.180487408958378418e-06
1.142336626944476610e-06
1.105090898730845047e-06
1.068924152870758332e-06
1.033812514132366929e-06
9.995476581563696952e-07
9.663506943299860868e-07
9.339736698408960477e-07
9.024869377513112194e-07
8.719954708182189559e-07
8.388514979674085595e-07
7.941877620990529074e-07
7.529049278387616747e-07
7.145218168157012431e-07
6.789437165127855375e-07
6.456744566837876771e-07
6.145759435244725194e-07
5.855414957506507731e-07
5.581282487612137723e-07
5.323702984138751386e-07
5.080618323138175406e-07
4.345945876383325975e-07
4.188526932261861163e-07
4.033863224625398240e-07
3.883083659768159832e-07
3.737026113032789950e-07
