# bin_4_3
1.155704055005717530e-04
1.134899762918059677e-04
1.114473693709670864e-04
1.094420791766112039e-04
1.074736794107903151e-04
1.055416500991231187e-04
1.036455579666480380e-04
1.017848253284701850e-04
9.995897170590750409e-05
9.816906425033487165e-05
9.643648675604734374e-05
9.473654456250101799e-05
9.306871261861292017e-05
9.143236026496384520e-05
8.982699488569404085e-05
8.825197967477911814e-05
8.670673282358258463e-05
8.519068117754072689e-05
8.370320869585864412e-05
8.224372139511439920e-05
8.081107942344387823e-05
7.939652454295267642e-05
7.800834815156404488e-05
7.664588088881680076e-05
7.530854685531128303e-05
7.399576308033736099e-05
7.270691163008841259e-05
7.144142654092695073e-05
7.019871426142707069e-05
6.897814533766773886e-05
6.777926685135567185e-05
6.660146450311664294e-05
6.544459717820009788e-05
6.430773446186690060e-05
6.319028622380047590e-05
6.209179049229896418e-05
6.101170641202841011e-05
5.994947322639377897e-05
5.890474267516086196e-05
5.787694819554196663e-05
5.686566139965140167e-05
5.587045608837513456e-05
5.489093117511394966e-05
5.392886503026250402e-05
5.298153568407250547e-05
5.204849202619878963e-05
5.112949904293393464e-05
5.022408667279091860e-05
4.933194324446810684e-05
4.845273670930980435e-05
4.758606707873596595e-05
4.673174148320518185e-05
4.588938434870856102e-05
4.505855200124775194e-05
4.423679634600448060e-05
4.342622292129832398e-05
4.262663957106834872e-05
4.183780094469301475e-05
4.105940012555816230e-05
4.029138378686072822e-05
3.953344784271711640e-05
3.878534904454699771e-05
3.804707385048633765e-05
3.731831993016076419e-05
3.659892150486634830e-05
3.588653016086069595e-05
3.518321838610434440e-05
3.448905298719071337e-05
3.380377700137693022e-05
3.312723576591304164e-05
3.245949013772814927e-05
3.180027837019179320e-05
3.114961556243358199e-05
3.050737123462585228e-05
2.987334949879843243e-05
2.924763738537986094e-05
2.862791622166730042e-05
2.801632048908558490e-05
2.741295136321833187e-05
2.681756693942970250e-05
2.623025535454221022e-05
2.565090169621200359e-05
2.507933073668339324e-05
2.451577487518387264e-05
2.396000334009323798e-05
2.341198614583340555e-05
2.287190800243727519e-05
2.234151585455341788e-05
2.181884112835607350e-05
2.130376488966536817e-05
2.079612106449130283e-05
2.029618631897874264e-05
1.980371792472355251e-05
1.931872949951168473e-05
1.884130504832246293e-05
1.837122056641921845e-05
1.790866176895959300e-05
1.745321548489342820e-05
1.699899606031565774e-05
1.655247953048781092e-05
1.611339604077756841e-05
1.568178638553231912e-05
1.525769874951262017e-05
1.484089851680836397e-05
1.443161177298727107e-05
1.402965873047290158e-05
1.363487701079114140e-05
1.324756843655864223e-05
1.286706675450475997e-05
1.248711238679099249e-05
1.211470472194973897e-05
1.174959344248794418e-05
1.139203817659966538e-05
1.104180413580115951e-05
1.069872128938476153e-05
1.036306968089189780e-05
1.003451854509196751e-05
9.713155166287985927e-06
9.398927836866169633e-06
9.091928595276982955e-06
8.796762631357316474e-06
8.508264250576621113e-06
8.226285319116650961e-06
7.951084516775795929e-06
7.682311217702489787e-06
7.420085311985633038e-06
7.164320292488712262e-06
6.914750602687764934e-06
6.671678777661684768e-06
6.434789285471736138e-06
6.202360141092387838e-06
5.961938828278025296e-06
5.728433915542146367e-06
5.501938408685187173e-06
5.282286821376899767e-06
5.069153848849292806e-06
4.862786643661288986e-06
4.662808544894352582e-06
4.469095080974762190e-06
4.281763646117915323e-06
4.100416570149739674e-06
3.925395276431626762e-06
3.757607948234082488e-06
3.595354932665434498e-06
3.438884029650971710e-06
3.287850571242594739e-06
3.142204745512483223e-06
3.002010578977625369e-06
2.866934366683912579e-06
2.737080549014334420e-06
2.612260389092699446e-06
2.492183629636546373e-06
2.373624666162968220e-06
2.247113701303829118e-06
2.127473256063829793e-06
2.014253263268249728e-06
1.906761457495778072e-06
1.804713625102110072e-06
1.707612911528264910e-06
1.614971196180155979e-06
1.526661827778467162e-06
1.442196281489878215e-06
1.361397520310881743e-06
1.233701970381942074e-06
1.165605746544805021e-06
1.099967080820133369e-06
1.036679574161657700e-06
9.756503066708250833e-07
