# bin_3_3
9.807958763696692612e-05
9.629486909068492664e-05
9.454223062133842277e-05
9.282129714809620640e-05
9.113177588810038299e-05
8.947328459667897547e-05
8.784551044641560123e-05
8.624801941903124805e-05
8.468046272376361172e-05
8.314403204318738735e-05
8.166024928450661214e-05
8.020454699087068177e-05
7.877653060828917835e-05
7.737570623079221394e-05
7.600169010623877581e-05
7.465397976479038117e-05
7.333212054888605411e-05
7.203564516277756902e-05
7.076407074146932516e-05
6.951690746677800813e-05
6.829313575025475148e-05
6.708411568714132760e-05
6.589822537784556207e-05
6.473491343140816922e-05
6.359370541354330544e-05
6.247410476218415566e-05
6.137560431340388450e-05
6.029771607044787335e-05
5.923994389961938797e-05
5.820175348778601374e-05
5.718274834161350559e-05
5.618240853294378717e-05
5.520066646670528961e-05
5.423665161371299338e-05
5.328986087309174992e-05
5.235987806703846299e-05
5.144623589841241872e-05
5.054844327040394834e-05
4.966617703797117177e-05
4.879894196057549472e-05
4.794635352129657843e-05
4.710802255038290390e-05
4.628361082266948027e-05
4.547491159179380284e-05
4.467925602497352361e-05
4.389623800812089677e-05
4.312562162968807756e-05
4.236698833929239958e-05
4.162004549728742011e-05
4.088448041196736567e-05
4.015993584706347829e-05
3.944620708983626121e-05
3.874295723792866203e-05
3.804976964885427288e-05
3.736417507306402061e-05
3.668831709070852003e-05
3.602200272365999013e-05
3.536499550567649165e-05
3.471701858561468905e-05
3.407798508729138726e-05
3.344762271338775164e-05
3.282570288639844293e-05
3.221217818677660888e-05
3.160677846823135324e-05
3.100932256087610166e-05
3.041746722054239992e-05
2.983330936847055601e-05
2.925686705011633479e-05
2.868791534090969853e-05
2.812630579185748100e-05
2.757205982430680697e-05
2.702495003634026419e-05
2.648496524481821628e-05
2.595198114703392472e-05
2.542582767686832118e-05
2.490653274735949750e-05
2.439181439044357154e-05
2.388380848676729877e-05
2.338257770138655266e-05
2.288791974236799992e-05
2.239988882285367616e-05
2.191838176648442852e-05
2.144325290515807658e-05
2.097466942133991352e-05
2.051244478170709043e-05
2.005654545261887899e-05
1.960712478412923433e-05
1.916597286433956767e-05
1.873108204747541577e-05
1.830235217239984278e-05
1.787965025739410958e-05
1.746318481798476074e-05
1.705276506680269134e-05
1.664839630595960719e-05
1.625014028818437799e-05
1.585781939971744431e-05
1.547157451190569823e-05
1.509101935233179796e-05
1.471030307585397760e-05
1.433583352279344909e-05
1.396739972629518712e-05
1.360502986378006968e-05
1.324875978393323677e-05
1.289840441708035406e-05
1.255413899943778762e-05
1.221581966894690044e-05
1.188331897006600695e-05
1.155687415797413491e-05
1.123588444150115134e-05
1.091407390344164396e-05
1.059844038562154038e-05
1.028878535510750880e-05
9.985313777988282712e-06
9.687836967436956950e-06
9.396219256958173306e-06
9.110683899143719476e-06
8.830970271549029043e-06
8.557146050465127559e-06
8.289169380427945262e-06
8.027186355253143144e-06
7.775747882246931904e-06
7.529743084892711841e-06
7.289055098398905695e-06
7.053897412749052262e-06
6.823992569775261149e-06
6.599439104305259079e-06
6.380169293048505995e-06
6.165971927121318245e-06
5.957100773872151972e-06
5.753300990715840281e-06
5.552875421625474867e-06
5.343340029789574878e-06
5.139676248982070670e-06
4.941955006628030798e-06
4.750033785374508309e-06
4.563638984410611696e-06
4.382975981925274455e-06
4.207725906867164509e-06
4.037778979977954374e-06
3.873230804694977794e-06
3.713742400050656572e-06
3.559629287855390429e-06
3.411816945787874098e-06
3.268642325437973250e-06
3.130317244827464153e-06
2.996546794596954668e-06
2.867290274643451685e-06
2.742614572596061884e-06
2.622249442996219649e-06
2.506312415010991391e-06
2.394673644491268335e-06
2.287123692593402967e-06
2.180476184909925702e-06
2.065364782388541738e-06
1.956676199892899779e-06
1.854019663054979873e-06
1.756781143773687679e-06
1.664702885401457519e-06
1.577322865630749604e-06
1.494176609814786599e-06
1.415121574420530180e-06
1.339677126336983263e-06
1.267639875705225719e-06
1.148421360301935131e-06
1.088503549175702264e-06
1.030712860841765244e-06
9.749236805540998433e-07
9.210268705881110797e-07
