# bin_2_2
4.968432892515263223e-05
4.876360901448367362e-05
4.785708039205255207e-05
4.696468766593490322e-05
4.608646976202346215e-05
4.522238265493475171e-05
4.437243050340108360e-05
4.353654875972830284e-05
4.271473884212543160e-05
4.190853673484650182e-05
4.113982524540083755e-05
4.038439902573365687e-05
3.964223073583211744e-05
3.891321504016126735e-05
3.819729683006017906e-05
3.749436115615117909e-05
3.680433078287698254e-05
3.612707198853746751e-05
3.546249980262192425e-05
3.481045994052599371e-05
3.417030749817172102e-05
3.353377389288682530e-05
3.290954037658462436e-05
3.229743156642534319e-05
3.169730995934880814e-05
3.110898916423545301e-05
3.053232006230674115e-05
2.996710750687198537e-05
2.941318519901820112e-05
2.887034654545099605e-05
2.833843203351929987e-05
2.781724866830377754e-05
2.730700397697144647e-05
2.680707121200244340e-05
2.631725160306113491e-05
2.583733815141963278e-05
2.536713240200403631e-05
2.490640296451733326e-05
2.445498048099686882e-05
2.401263007455445411e-05
2.357915836968088361e-05
2.315435186699730619e-05
2.273810290463420701e-05
2.233232434563424911e-05
2.193454867831375158e-05
2.154455186612141374e-05
2.116217127826087324e-05
2.078717797284579706e-05
2.041939206545758246e-05
2.005861153799773147e-05
1.970463888045849871e-05
1.935730275766197307e-05
1.901640949096108346e-05
1.868165833033629626e-05
1.835058032265535669e-05
1.802545343447550810e-05
1.770612537230168169e-05
1.739242185143562172e-05
1.708417079846779427e-05
1.678124406015519729e-05
1.648347279675681782e-05
1.619069216727176026e-05
1.590280186227090633e-05
1.561962964961078170e-05
1.534097931147127407e-05
1.506453980593903662e-05
1.479247915820718789e-05
1.452471790582822805e-05
1.426111591347232690e-05
1.400154927046309908e-05
1.374595578187095547e-05
1.349419357190979638e-05
1.324619505211682084e-05
1.300185382488285924e-05
1.276106020444149956e-05
1.252370520901779764e-05
1.228758934196628341e-05
1.205484922655238812e-05
1.182545426452474857e-05
1.159928962749190487e-05
1.137632631719340419e-05
1.115648390658766690e-05
1.093967808908994567e-05
1.072591658208776055e-05
1.051510725602239257e-05
1.030720096506591290e-05
1.010226963645186095e-05
9.902196189945295838e-06
9.704874932860606807e-06
9.510244404779777418e-06
9.318240921804119391e-06
9.128903271337312732e-06
8.942153795495959721e-06
8.757971246422183170e-06
8.576357973663162074e-06
8.397239626599220969e-06
8.220644716146112031e-06
8.046246759156311498e-06
7.868271044340298989e-06
7.692953768905694934e-06
7.520218146624420811e-06
7.350057191044007148e-06
7.182470603870445398e-06
7.017387146665769270e-06
6.854852765629686701e-06
6.694808933222559548e-06
6.537207449436579503e-06
6.382115313682840925e-06
6.229085281383570052e-06
6.071797670198370305e-06
5.917240918511619183e-06
5.765337423400117616e-06
5.616143309487446055e-06
5.469582740536408785e-06
5.325601422675006233e-06
5.184263036152817261e-06
5.045475700556359786e-06
4.909249627036523287e-06
4.775561425170753163e-06
4.644688066890252262e-06
4.521020610714352445e-06
4.399586586750471643e-06
4.280344890403468384e-06
4.163369533916278040e-06
4.048567598244703653e-06
3.935969536396218842e-06
3.825549560112341390e-06
3.717234593558188974e-06
3.611120842937273339e-06
3.507115488578490593e-06
3.403582969443537220e-06
3.287928849699729089e-06
3.175332620140318704e-06
3.065788131269535388e-06
2.959211454227717840e-06
2.855473940251544576e-06
2.754636885629170281e-06
2.656553557018505222e-06
2.561158962342391191e-06
2.468474880314820648e-06
2.378350824743638901e-06
2.291025448254920653e-06
2.207491030478833132e-06
2.126212041001548400e-06
2.047275316997923504e-06
1.970544892481305958e-06
1.895989699843446973e-06
1.823631566428456523e-06
1.753341413433654604e-06
1.685163540614503200e-06
1.619028467440572234e-06
1.554836359818971373e-06
1.489330073085109033e-06
1.413320592281926905e-06
1.341749442674497836e-06
1.274292406963778867e-06
1.210540753944602266e-06
1.150293912671531494e-06
1.093259404772320716e-06
1.039159186912452592e-06
9.879063509592112953e-07
9.392276583158184593e-07
8.929973768591662441e-07
7.987034893869338905e-07
7.629540412705558564e-07
7.285784007158441629e-07
6.955061621261145896e-07
6.636644812444211017e-07
