# bin_1_1
1.703164604820174194e-05
1.673792638058407226e-05
1.644733297266794543e-05
1.615986448378203003e-05
1.587555546455138235e-05
1.559441140873320529e-05
1.531645878835870725e-05
1.504170419783740409e-05
1.477017562779325255e-05
1.450349889671556872e-05
1.426360936477593786e-05
1.402640624993725401e-05
1.379192275264440275e-05
1.356016971348592240e-05
1.333117581429801084e-05
1.310495078291080889e-05
1.288151987337360402e-05
1.266088929503556777e-05
1.244308463998354861e-05
1.222810928853650526e-05
1.201544606666610015e-05
1.179698885330245089e-05
1.158155543926471816e-05
1.136914255477042148e-05
1.115976363234419488e-05
1.095341529787731007e-05
1.075010502682404534e-05
1.054982726951941830e-05
1.035258683971245635e-05
1.015837285114199988e-05
9.967189948669367370e-06
9.779048863822661903e-06
9.594336457279566813e-06
9.412619405097260003e-06
9.233892905946221145e-06
9.058141300226097694e-06
8.885355427485725827e-06
8.715516968228922048e-06
8.548618763848217278e-06
8.384636413398723821e-06
8.223556513100182435e-06
8.065356774727303150e-06
7.910122608254045230e-06
7.759942122941580601e-06
7.612533887987892156e-06
7.467868764171939943e-06
7.325929876906892748e-06
7.186684224002392549e-06
7.050107796516191582e-06
6.916169219326087564e-06
6.784839912985136346e-06
6.656089372939773406e-06
6.529886093368585749e-06
6.406091771608266500e-06
6.282348629564174851e-06
6.161097552942495877e-06
6.042306214201774720e-06
5.925935333036809976e-06
5.811947185718070228e-06
5.700306366591586327e-06
5.590973560988357998e-06
5.483905491042750425e-06
5.379070324019738635e-06
5.276421922059851883e-06
5.175839136871176926e-06
5.075107752849523303e-06
4.976493640918531347e-06
4.879960215894714195e-06
4.785463274550187435e-06
4.692957689947247895e-06
4.602409966488682231e-06
4.513770958964392525e-06
4.427005013461408919e-06
4.342067905736933322e-06
4.258916176411153414e-06
4.177439571866444073e-06
4.095506568491505381e-06
4.015295870985895492e-06
3.936774652326430511e-06
3.859895031190057638e-06
3.784624373286203908e-06
3.710920433301027272e-06
3.638741917247590169e-06
3.568060818917264411e-06
3.498834583757576579e-06
3.431026673266048748e-06
3.364689757485872664e-06
3.301754867691685578e-06
3.240087549817240417e-06
3.179651470138533674e-06
3.120411465578796878e-06
3.062347908171669045e-06
3.005424224504074228e-06
2.949612125849864088e-06
2.894888784683411579e-06
2.841218518900588350e-06
2.788583738627193123e-06
2.736680629544661161e-06
2.679756285991254580e-06
2.623975733306664627e-06
2.569303667825051568e-06
2.515715344403645586e-06
2.463188600775276260e-06
2.411689931994864899e-06
2.361205745780210864e-06
2.311705969579630344e-06
2.263163641935938290e-06
2.215569398714183631e-06
2.168524098209466200e-06
2.115684936535439081e-06
2.064028322894424111e-06
2.013516985028146443e-06
1.964135731092727750e-06
1.915849185831523299e-06
1.868627003464198836e-06
1.822456942244140941e-06
1.777304347999755217e-06
1.733150056350816347e-06
1.689971110783047378e-06
1.648091257044297590e-06
1.611820516178035164e-06
1.576241056534518769e-06
1.541335856308630866e-06
1.507105295927748602e-06
1.473525862883566284e-06
1.440592096053580701e-06
1.408290568082935340e-06
1.376600801011351008e-06
1.345529181248585693e-06
1.315053235251053996e-06
1.283558083388835525e-06
1.238381231392938234e-06
1.194784464937590883e-06
1.152714993101054694e-06
1.112111132772798610e-06
1.072906669941716279e-06
1.035067053979561278e-06
9.985271960556079525e-07
9.632371068486891866e-07
9.291617045542671567e-07
8.962416127051811417e-07
8.646612160535132970e-07
8.354448499766785751e-07
8.071236022454527117e-07
7.796894396848583703e-07
7.530994380254093075e-07
7.273282622351514179e-07
7.023594980660341355e-07
6.781540699483029998e-07
6.547008889261266584e-07
6.319710800886527584e-07
6.099320271935710668e-07
5.852386752347453637e-07
5.487998514869505920e-07
5.155533412590707746e-07
4.851538930461560563e-07
4.572771563033301573e-07
4.316638051055582789e-07
4.080645071789923619e-07
3.862565297835054509e-07
3.660737500381053580e-07
3.473331629510354735e-07
3.298933704222641290e-07
2.632337003946952083e-07
2.540382471062106895e-07
2.450872667145358333e-07
2.363672250841315844e-07
2.278656742343097668e-07
