# bin_4_2
7.078177734582097140e-05
6.947124856867524522e-05
6.818226362739480853e-05
6.691469223143142709e-05
6.566849947393762815e-05
6.444356336426384189e-05
6.323980600408538250e-05
6.205706998410438703e-05
6.089526724840698340e-05
5.975583511135996751e-05
5.866055716991658574e-05
5.758512064720826626e-05
5.652939116717925526e-05
5.549314747049211542e-05
5.447622673550702246e-05
5.347839456872152561e-05
5.249944976042139052e-05
5.153914303910618323e-05
5.059726038879698763e-05
4.967352563395274246e-05
4.876716257909330436e-05
4.786977212024040996e-05
4.698991668012878376e-05
4.612728512638852396e-05
4.528161173569695159e-05
4.445258426073921614e-05
4.363991967185719000e-05
4.284329930946300025e-05
4.206242479410689786e-05
4.129695696017991410e-05
4.054662629956499943e-05
3.981110717010880165e-05
3.909048516679532935e-05
3.838402153821746852e-05
3.769138743175235194e-05
3.701227239690009778e-05
3.634635747757217547e-05
3.569329301936887891e-05
3.505282255142310843e-05
3.442459347303688258e-05
3.380831433803700991e-05
3.320367904341028724e-05
3.261047123072670915e-05
3.203052842734752331e-05
3.146128384862989231e-05
3.090242089986046652e-05
3.035371719781830755e-05
2.981485052542298515e-05
2.928557120275030259e-05
2.876560859950231329e-05
2.825468348748694887e-05
2.775258100967628136e-05
2.725903192548311530e-05
2.677366985339048791e-05
2.629399506920789318e-05
2.582221663713908617e-05
2.535814136533378303e-05
2.490154940163320064e-05
2.445221095590018119e-05
2.400998560954624846e-05
2.357464912392277039e-05
2.314599496351364038e-05
2.272391689107317665e-05
2.230819261880556331e-05
2.189861022649716376e-05
2.149283042979711181e-05
2.109298154781861709e-05
2.069899717380328132e-05
2.031069508701317545e-05
1.992792904810975572e-05
1.955064803196406909e-05
1.917867096600774844e-05
1.881193441117729229e-05
1.845031460121227335e-05
1.809367226691798388e-05
1.774193045462966656e-05
1.739285459662890502e-05
1.704857223679160925e-05
1.670907300301062459e-05
1.637420770558652136e-05
1.604396519885340709e-05
1.571825116735490376e-05
1.539695592095295220e-05
1.508013153138106230e-05
1.476765129509966540e-05
1.445946613437089749e-05
1.415566843758688500e-05
1.385810809677879859e-05
1.356470516942746653e-05
1.327538176720837394e-05
1.299004869265366481e-05
1.270879524037766814e-05
1.243150503624383830e-05
1.215816191845620691e-05
1.188878351691732347e-05
1.162326012417705777e-05
1.136165192443036355e-05
1.110360937486962098e-05
1.084333019521205677e-05
1.058710361617669808e-05
1.033480766290392961e-05
1.008644307673424425e-05
9.842017024840384466e-06
9.601418876769819499e-06
9.364733057508103142e-06
9.131869462805198995e-06
8.902750520853434607e-06
8.677496800849599212e-06
8.455608438357936955e-06
8.230776558726440783e-06
8.009988673468869435e-06
7.793124931280696440e-06
7.580288391197145229e-06
7.371361919356336476e-06
7.166260965551715825e-06
6.965102414507488879e-06
6.767736094213505113e-06
6.574188812091491582e-06
6.384427829335498171e-06
6.198684780496192640e-06
6.021406396010174957e-06
5.847570072242256923e-06
5.677106558144852480e-06
5.510140887447955665e-06
5.346515890285496069e-06
5.186285888530284402e-06
5.029408890758126178e-06
4.875763614380228339e-06
4.725507301954770480e-06
4.578487945045714449e-06
4.433047662977166057e-06
4.276637364203041704e-06
4.124364947232643382e-06
3.976255343957218222e-06
3.832203025567713442e-06
3.692026511140405984e-06
3.555849103770329710e-06
3.423458502315699288e-06
3.294773088335319578e-06
3.169849646905836527e-06
3.048464094266941689e-06
2.930889406913840631e-06
2.818090454241030911e-06
2.708478839183606661e-06
2.602197693894777485e-06
2.499041033153780318e-06
2.398968798395619365e-06
2.302021029864583142e-06
2.208001184230381453e-06
2.116985141784179300e-06
2.028874547833534483e-06
1.943524525814463291e-06
1.857728898010392484e-06
1.762238401295281303e-06
1.672001233229881528e-06
1.586708993822873343e-06
1.505905958420213116e-06
1.429427506279339252e-06
1.356956408885990470e-06
1.288177146744991849e-06
1.223029708895829840e-06
1.161167723150270116e-06
1.102443902428915922e-06
9.963111588350678899e-07
9.492930772724217212e-07
9.041955264190875833e-07
8.608741058382191131e-07
8.191846128859518960e-07
