# bin_3_1
2.161660278582153651e-05
2.129203579027662491e-05
2.097023772901545618e-05
2.064919193599545989e-05
2.033100954563764898e-05
2.001379183968553962e-05
1.969951876585785232e-05
1.938641888590681336e-05
1.907635753948872979e-05
1.876929323474230054e-05
1.848888385395213438e-05
1.820947369327347736e-05
1.793272685823262328e-05
1.765719387481435242e-05
1.738441984536705478e-05
1.711304943749095635e-05
1.684455191336424365e-05
1.657763708123482003e-05
1.631369211350111131e-05
1.605151110927336965e-05
1.579185941369814700e-05
1.552551001868242265e-05
1.526244776010287745e-05
1.500162353836460545e-05
1.474417934562252532e-05
1.448909616696874626e-05
1.423745994124998728e-05
1.398831259796955227e-05
1.374266932446888763e-05
1.349965685209814515e-05
1.326016370556978938e-05
1.302339772748860377e-05
1.279062192543939559e-05
1.256060242008062690e-05
1.233418870066686363e-05
1.211059849273474917e-05
1.189062017574746353e-05
1.167356767906580651e-05
1.146009008638737740e-05
1.124954908370941031e-05
1.104260211681108191e-05
1.083859392013800861e-05
1.063828734505963579e-05
1.044313738181008027e-05
1.025149545870029238e-05
1.006281404826635095e-05
9.877548665163312727e-06
9.695201634486992851e-06
9.516257136953124878e-06
9.340183578100292398e-06
9.167492521984949580e-06
8.997610904459057767e-06
8.831019247698564022e-06
8.667179112443147560e-06
8.504059493612996842e-06
8.343758600928681221e-06
8.186617731281624634e-06
8.032208998772991860e-06
7.880932481413178213e-06
7.732272125499866394e-06
7.586615433134828903e-06
7.443609489837787781e-06
7.303437775383100878e-06
7.165815325120016596e-06
7.030884260988766088e-06
6.896135967431116534e-06
6.764200106509719580e-06
6.634602845015038244e-06
6.507670467617109333e-06
6.383113788970543444e-06
6.261032046205305810e-06
6.141231664941546838e-06
6.023844818311623826e-06
5.908610688146083829e-06
5.795800881311828162e-06
5.684895291667261588e-06
5.574094607436560936e-06
5.465379863799239663e-06
5.358794739018620242e-06
5.254224265007978052e-06
5.151723077702094507e-06
5.051101789566902467e-06
4.952597009579800273e-06
4.855789599144988556e-06
4.760945261292420536e-06
4.667854900429860015e-06
4.576618579239266580e-06
4.489154127786773623e-06
4.403348058854185607e-06
4.319077070442029132e-06
4.236553553087123889e-06
4.155381179130247064e-06
4.075816408434491715e-06
3.997671277456830024e-06
3.920957397495670724e-06
3.845667221962689237e-06
3.771741553086118785e-06
3.698844449635207628e-06
3.621441569210817695e-06
3.545333804746305038e-06
3.470769063115194772e-06
3.397568976040426759e-06
3.325744225773125935e-06
3.255321991248079677e-06
3.186184248054005674e-06
3.118319437229250270e-06
3.051890103989178784e-06
2.986536315122374060e-06
2.922138701849957791e-06
2.852199481027134389e-06
2.783734132612660479e-06
2.716787163952130356e-06
2.651177494775274026e-06
2.586939006684735078e-06
2.524205011128995472e-06
2.462628228251416585e-06
2.402448857615330214e-06
2.343480515206631391e-06
2.285753626305929151e-06
2.229692440408321668e-06
2.179385841420422722e-06
2.130030147380416181e-06
2.081740621471947046e-06
2.034203999472738979e-06
1.987672290277430083e-06
1.941954057708044047e-06
1.897101986036622546e-06
1.853210979511639466e-06
1.810025976975634813e-06
1.767680551340414386e-06
1.724649634513781622e-06
1.667985570153002228e-06
1.613234794807833824e-06
1.560133633377478994e-06
1.508693894802270362e-06
1.458984115716611053e-06
1.410679950868419266e-06
1.363900696526372069e-06
1.318646927198179493e-06
1.274639269983581308e-06
1.232097553766643531e-06
1.190979170865661685e-06
1.152395172095455139e-06
1.115014898067192539e-06
1.078532849223668971e-06
1.043112385074421953e-06
1.008730619727090093e-06
9.751879653207153298e-07
9.426945886318396207e-07
9.110133517486325829e-07
8.802110909485446068e-07
8.503854151744762646e-07
8.179048248660613977e-07
7.738904541774800930e-07
7.332456289278906601e-07
6.954955022424163194e-07
6.605346943172578118e-07
6.278783977162076928e-07
5.973837356771034895e-07
5.689373157967197317e-07
5.421113900437220290e-07
5.169282087217146561e-07
4.931858562077515992e-07
4.202799576873117080e-07
4.050845775048424410e-07
3.901608201085004250e-07
3.756148804898591449e-07
3.615237506913470954e-07
