# bin_4_4
1.423101913999413447e-04
1.397973830370150190e-04
1.373303890532043270e-04
1.349084904422350178e-04
1.325310425074441474e-04
1.301972959042312669e-04
1.279066283233536107e-04
1.256582408812000865e-04
1.234514336280406819e-04
1.212870931518153961e-04
1.191863806134471117e-04
1.171244178859783019e-04
1.151004776135615263e-04
1.131137265472741116e-04
1.111635170027611651e-04
1.092490145472278400e-04
1.073694502118645419e-04
1.055241085934494603e-04
1.037121784968349469e-04
1.019329287495113786e-04
1.001850462159979108e-04
9.845961170962276153e-05
9.676480702509678467e-05
9.509980038090450299e-05
9.346387937664682769e-05
9.185636133006105540e-05
9.027646974700372019e-05
8.872355454661129230e-05
8.719688957264911452e-05
8.569572210993974047e-05
8.421954331571702979e-05
8.276761896819863806e-05
8.133971833894837120e-05
7.993485028443529259e-05
7.855231003179287083e-05
7.719159841258737274e-05
7.585208027476250951e-05
7.453311218991955816e-05
7.323433871289865467e-05
7.195510464375042285e-05
7.069493878650382748e-05
6.945338634437519349e-05
6.822996527600847080e-05
6.702646282984926654e-05
6.584009048661525047e-05
6.467034842822216292e-05
6.351703200952343138e-05
6.237960796883154917e-05
6.125775471972990825e-05
6.015113320702992041e-05
5.905928762450220296e-05
5.798207293678220542e-05
5.691906228505983579e-05
5.586978635731087414e-05
5.483185207920057702e-05
5.380731598592267774e-05
5.279600232234487244e-05
5.179766833066354244e-05
5.081196415373054619e-05
4.983891327246969301e-05
4.887816363940550833e-05
4.792945922075063364e-05
4.699285613924641768e-05
4.606800546043934494e-05
4.515477543879329729e-05
4.425081837909769570e-05
4.335816747209133041e-05
4.247698580348264563e-05
4.160696206399936933e-05
4.074793633791569847e-05
3.990004320593569011e-05
3.906296408207648638e-05
3.823676379466085101e-05
3.742130494011920976e-05
3.661634604916136153e-05
3.582208380704521024e-05
3.503613404598012766e-05
3.426063113980612869e-05
3.349574531113059205e-05
3.274116617989156767e-05
3.199704352656762319e-05
3.126324446713468882e-05
3.053954063146075554e-05
2.982628202824219279e-05
2.912315851371973053e-05
2.843014900975769906e-05
2.774749387163221966e-05
2.707686489765597613e-05
2.641636378994390120e-05
2.576584270816739594e-05
2.512507666858265011e-05
2.449446215441901915e-05
2.387366453696575553e-05
2.326271637772148537e-05
2.266174082237064751e-05
2.207043300265591068e-05
2.148905648756528356e-05
2.091715593330712266e-05
2.034878556995272525e-05
1.979053830671119969e-05
1.924204200555611395e-05
1.870335949862924699e-05
1.817455863039607058e-05
1.765532274275209907e-05
1.714596184540213589e-05
1.664623619259322372e-05
1.615592276268596451e-05
1.567542736770195541e-05
1.520397251428647974e-05
1.473532646824855849e-05
1.427648742597677302e-05
1.382711727233899032e-05
1.338755895010924767e-05
1.295750290542792177e-05
1.253672131816595007e-05
1.212557880854343071e-05
1.172362624273631556e-05
1.133097964565260181e-05
1.094756848821517014e-05
1.057339634265660292e-05
1.021314444187638291e-05
9.861559071613600012e-06
9.518439260015394725e-06
9.184105899659047737e-06
8.858090911964021440e-06
8.540542301180532194e-06
8.231339938437292724e-06
7.930131468139551971e-06
7.637282378902695662e-06
7.352384789052035661e-06
7.073676024051740147e-06
6.788740492268678677e-06
6.512375801080754739e-06
6.244702429187054445e-06
5.985519066488574571e-06
5.734427618267790862e-06
5.491727512602122830e-06
5.256966356082011589e-06
5.030006391138436641e-06
4.811000569497757244e-06
4.599484539156137498e-06
4.395843460945979113e-06
4.200970587204078422e-06
4.013117285466243016e-06
3.832554349502808760e-06
3.658835218654547757e-06
3.491832992417952316e-06
3.331514593260812976e-06
3.177360742870262782e-06
3.029343335323930513e-06
2.887096985636091918e-06
2.750151369446916218e-06
2.615173498746184961e-06
2.472558453388459692e-06
2.337075646932179236e-06
2.208256325521294104e-06
2.085398940466903982e-06
1.968272726410027710e-06
1.856436234575880406e-06
1.749464682975770454e-06
1.647313273319128199e-06
1.549548175605641156e-06
1.456059187645552177e-06
1.316329707855499761e-06
1.236884842241751287e-06
1.160605090688173815e-06
1.087396510744154022e-06
1.017169221843602916e-06
