# k_h
1.000000000000000861e-04
1.033434921133776391e-04
1.067987736218771743e-04
1.103695821951085831e-04
1.140597804713697970e-04
1.178733602359655839e-04
1.218144467392282075e-04
1.258873031589087662e-04
1.300963352117705685e-04
1.344460959193693507e-04
1.389412905331772249e-04
1.435867816243789803e-04
1.483875943438427375e-04
1.533489218579597965e-04
1.584761309662298910e-04
1.637747679066716485e-04
1.692505643553336183e-04
1.749094436264011869e-04
1.807575270796024614e-04
1.868011407418449117e-04
1.930468221502477781e-04
1.995013274239672925e-04
2.061716385724711616e-04
2.130649710481629993e-04
2.201887815515280985e-04
2.275507760972455531e-04
2.351589183499859688e-04
2.430214382389216902e-04
2.511468408602566919e-04
2.595439156774162069e-04
2.682217460288419662e-04
2.771897189536798528e-04
2.864575353459889459e-04
2.960352204484578221e-04
3.059331346969718242e-04
3.161619849277732619e-04
3.267328359593312599e-04
3.376571225614466106e-04
3.489466618245455143e-04
3.606136659425434308e-04
3.726707554230940006e-04
3.851309727395293005e-04
3.980077964392497009e-04
4.113151557238237978e-04
4.250674455165760518e-04
4.392795420339581838e-04
4.539668188775441526e-04
4.691451636640653951e-04
4.848309952114652176e-04
5.010412812995703640e-04
5.177935570245872704e-04
5.351059437672810344e-04
5.529971687953545972e-04
5.714865855212283548e-04
5.905941944371407085e-04
6.103406647502121387e-04
6.307473567408716222e-04
6.518363448688388202e-04
6.736304416516569098e-04
6.961532223415904793e-04
7.194290504276046371e-04
7.434831039899985478e-04
7.683414029361985888e-04
7.940308371471841873e-04
8.205791955649859633e-04
8.480151962527182098e-04
8.763685174596693881e-04
9.056698297250572209e-04
9.359508290551535846e-04
9.672442712097044587e-04
9.995840071346960218e-04
1.033005019579827811e-03
1.067543460940273588e-03
1.103236692363688360e-03
1.140123324164755633e-03
1.178243257590982224e-03
1.217637727984937236e-03
1.258349349389623105e-03
1.300422160645202949e-03
1.343901673026987867e-03
1.388834919476194217e-03
1.435270505476714297e-03
1.483258661632960978e-03
1.532851298005648158e-03
1.584102060264272515e-03
1.637066387717058284e-03
1.691801573281132573e-03
1.748366825457783186e-03
1.806823332379871826e-03
1.867234328000656751e-03
1.929665160495638594e-03
1.994183362951402506e-03
2.060858726417967926e-03
2.129763375403605566e-03
2.200971845893828858e-03
2.274561165978947197e-03
2.350610939177401586e-03
2.429203430544985953e-03
2.510423655663152152e-03
2.594359472602613802e-03
2.681101676961745311e-03
2.770744100082592719e-03
2.863383710550727792e-03
2.959120719088728646e-03
3.058058686956778138e-03
3.160304637977635195e-03
3.265969174307119596e-03
3.375166596075416647e-03
3.488015025028551840e-03
3.604636532303805239e-03
3.725157270477305691e-03
3.849707610026621186e-03
3.978422280355960357e-03
4.111440515536512845e-03
4.248906204919681261e-03
4.390968048785980765e-03
4.537779719198063548e-03
4.689500026231892618e-03
4.846293089765794405e-03
5.008328517013274465e-03
5.175781585991647525e-03
5.348833435124925560e-03
5.527671259186029036e-03
5.712488511790346155e-03
5.903485114659655017e-03
6.100867673882712054e-03
6.304849703406575565e-03
6.515651856000281850e-03
6.733502161940788620e-03
6.958636275679379313e-03
7.191297730755348734e-03
7.431738203232652294e-03
7.680217783944596338e-03
7.937005259840989452e-03
8.202378404742147536e-03
8.476624279814069796e-03
8.760039544090292632e-03
9.052930775375705313e-03
9.355614801879920048e-03
9.668419044938749915e-03
9.991681873194569255e-03
1.032575296861860427e-02
1.067099370477120508e-02
1.102777753770924594e-02
1.139649040996337619e-02
1.177753116802230868e-02
1.217131199377571513e-02
1.257825885038218322e-02
1.299881194304491200e-02
1.343342619519339795e-02
1.388257174058608358e-02
1.434673443186654587e-02
1.482641636612322573e-02
1.532213642802106139e-02
1.583443085109289064e-02
1.636385379779740218e-02
1.691097795897136130e-02
1.747639517332458606e-02
1.806071706764738466e-02
1.866457571842359414e-02
1.928862433556446584e-02
1.993353796900308728e-02
2.060001423891379829e-02
2.128877409034653223e-02
2.200056257309201263e-02
2.273614964762203650e-02
2.349633101797598753e-02
2.428192899249507000e-02
2.509379337333508125e-02
2.593280237571979688e-02
2.679986357792974935e-02
2.769591490305377268e-02
2.862192563356511996e-02
2.957889745982012972e-02
3.056786556361325291e-02
3.158989973796046818e-02
3.264610554432306050e-02
3.373762550852241193e-02
3.486564035664067168e-02
3.603137029224352805e-02
3.723607631630655029e-02
3.848106159127345077e-02
3.976767285072163594e-02
4.109730185615929898e-02
4.247138690253091098e-02
4.389141437405907897e-02
4.535892035210557088e-02
4.687549227679142089e-02
4.844277066417283784e-02
5.006245088083098593e-02
5.173628497779508145e-02
5.346608358578216341e-02
5.525371787380459199e-02
5.710112157326312915e-02
5.901029306971530830e-02
6.098329756458216455e-02
6.302226930913150393e-02
6.512941391315381356e-02
6.730701073082911989e-02
6.955741532636458557e-02
7.188306202207077333e-02
7.428646653163296920e-02
7.677022868142496792e-02
7.933703522281025655e-02
8.198966273847248243e-02
8.473098064591812195e-02
8.756395430140176406e-02
9.049164820763067052e-02
9.351722932871807392e-02
9.664397051597294064e-02
9.987525404822941710e-02
1.032145752905476305e-01
1.066655464752432197e-01
1.102319006093340353e-01
1.139174955126331518e-01
1.177263179908553115e-01
1.216624881482492870e-01
1.257302638444247889e-01
1.299340453001918971e-01
1.342783798573961018e-01
1.387679668978992753e-01
1.434076629270248648e-01
1.482024868269688489e-01
1.531576252858579679e-01
1.582784384083269213e-01
1.635704655136863139e-01
1.690394311279513340e-01
1.746912511762126474e-01
1.805320393820497582e-01
1.865681138809081596e-01
1.928060040545933607e-01
1.992524575942770659e-01
2.059144477996526779e-01
2.127991811221387475e-01
2.199141049602894582e-01
2.272669157158415665e-01
2.348655671191168803e-01
2.427182788327840179e-01
2.508335453432838369e-01
2.592201451495415587e-01
2.678871502589022513e-01
2.768439360005602867e-01
2.861001911671029463e-01
2.956659284951331235e-01
3.055514954963120533e-01
3.157675856505383627e-01
3.263252499733668155e-01
3.372359089701855717e-01
3.485113649900807853e-01
3.601638149927485766e-01
3.722058637422703820e-01
3.846505374420220447e-01
3.975112978254599083e-01
4.108020567180388771e-01
4.245371910859992437e-01
4.387315585883137525e-01
4.534005136486123910e-01
4.685599240644670593e-01
4.842261881720097971e-01
5.004162525844496612e-01
5.171476305236701876e-01
5.344384207647473461e-01
5.523073272138762091e-01
5.707736791408778432e-01
5.898574520881879613e-01
6.095792894789261451e-01
6.299605249474362623e-01
6.510232054164456494e-01
6.727901149458022090e-01
6.952847993785979952e-01
7.185315918113344136e-01
7.425556389156724446e-01
7.673829281402575475e-01
7.930403158220324933e-01
8.195555562374456926e-01
8.469573316249922046e-01
8.752752832115466841e-01
9.045400432760667409e-01
9.347832682853438602e-01
9.660376731376372206e-01
9.983370665512490971e-01
1.031716387636313570e+00
1.066211743689358560e+00
1.101860449251516272e+00
1.138701066472666001e+00
1.176773446825126745e+00
1.216118774212044729e+00
1.256779609517126861e+00
1.298799936643870279e+00
1.342225210094109222e+00
1.387102404137369627e+00
1.433480063624174461e+00
1.481408356498286505e+00
1.530939128064720878e+00
1.582125957072177513e+00
1.635024213670583038e+00
1.689691119306470091e+00
1.746185808620924762e+00
1.804569393417081447e+00
1.864905028766404405e+00
1.927257981325192659e+00
1.991695699935237762e+00
2.058287888585049963e+00
2.127106581810493946e+00
2.198226222616464831e+00
2.271723743003841278e+00
2.347678647188896850e+00
2.426173097605108353e+00
2.507292003780420941e+00
2.591123114186162368e+00
2.677757111156882086e+00
2.767287708983815264e+00
2.859811755288153012e+00
2.955429335783659184e+00
3.054243882542028832e+00
3.156362285878134610e+00
3.261895009976096382e+00
3.370956212381298833e+00
3.483663867487674537e+00
3.600139894153711495e+00
3.720510287585296005e+00
3.844905255628106922e+00
3.973459359616875908e+00
4.106311659933923330e+00
4.243605866434511320e+00
4.385490493901571973e+00
4.532119022698098298e+00
4.683650064790887413e+00
4.840247535325367778e+00
5.002080829936926598e+00
5.169325007990633658e+00
5.342160981947647436e+00
5.520775713063004630e+00
5.705362413626523299e+00
5.896120755965728044e+00
6.093257088436663693e+00
6.296984658636354482e+00
6.507523844078447972e+00
6.725102390581381151e+00
6.949955658627027688e+00
7.182326877956451305e+00
7.422467410677929145e+00
7.670637023171954283e+00
7.927104167087520636e+00
8.192146269733321162e+00
8.466050034178199013e+00
8.749111749385534154e+00
9.041637610716819040e+00
9.343944051151327201e+00
9.656358083579968721e+00
9.979217654543946381e+00
1.031287200980041874e+01
1.065768207211080210e+01
1.101402083166066781e+01
1.138227374953301485e+01
1.176283917467168294e+01
1.215612877478609910e+01
1.256256798166310595e+01
1.298259645136768903e+01
1.341666853983078944e+01
1.386525379433805050e+01
1.432883746145151171e+01
1.480792101191381072e+01
1.530302268310233949e+01
1.581467803962022955e+01
1.634344055263096962e+01
1.688988219856274497e+01
1.745459407783042849e+01
1.803818705424473734e+01
1.864129241579967200e+01
1.926456255755360658e+01
1.990867168734207127e+01
2.057431655508656121e+01
2.126221720648723235e+01
2.197311776191531507e+01
2.270778722134808802e+01
2.346702029621644670e+01
2.425163826906511844e+01
2.506248988195613947e+01
2.590045225457541278e+01
2.676643183303623630e+01
2.766136537040634025e+01
2.858622094001844971e+01
2.954199898266062263e+01
3.052973338877993115e+01
3.155049261686900763e+01
3.260538084924575486e+01
3.369553918647695667e+01
3.482214688173688444e+01
3.598642261643647089e+01
3.718962581850369276e+01
3.843305802473994959e+01
3.971806428872697836e+01
4.104603463580675538e+01
4.241840556670911155e+01
4.383666161145259110e+01
4.530233693519945604e+01
4.681701699780353465e+01
4.838234026884376249e+01
4.999999999999999289e+01
5.117655109495130716e+01
5.238078763948322347e+01
5.361336110051615833e+01
5.487493827465280560e+01
5.616620164890137801e+01
5.748784976988680739e+01
5.884059762174989316e+01
6.022517701293909198e+01
6.164233697210330121e+01
6.309284415330102291e+01
6.457748325074419427e+01
6.609705742330146450e+01
6.765238872899037403e+01
6.924431856969361831e+01
7.087370814634024896e+01
7.254143892479697797e+01
7.424841311272324162e+01
7.599555414764670047e+01
7.778380719652354003e+01
7.961413966705457312e+01
8.148754173103218079e+01
8.340502686000291988e+01
8.536763237353453349e+01
8.737642000038420065e+01
8.943247645287175374e+01
9.153691401476844192e+01
9.369087114301916586e+01
9.589551308362440807e+01
9.815203250201354024e+01
1.004616501282523586e+02
1.028256154174325872e+02
1.052452072256009501e+02
1.077217345015941277e+02
1.102565369951522456e+02
1.128509859816959846e+02
1.155064850041579803e+02
1.182244706322703820e+02
1.210064132397191230e+02
1.238538177995854852e+02
1.267682246985055485e+02
1.297512105699867675e+02
1.328043891473342910e+02
1.359294121366470165e+02
1.391279701103561308e+02
1.424017934217900176e+02
1.457526531412587758e+02
1.491823620141668982e+02
1.526927754416707330e+02
1.562857924844118145e+02
1.599633568898691749e+02
1.637274581438864516e+02
1.675801325469421670e+02
1.715234643157458549e+02
1.755595867107565198e+02
1.796906831902313399e+02
1.839189885914316847e+02
1.882467903396232884e+02
1.926764296855263581e+02
1.972103029718826974e+02
2.018508629298276560e+02
2.066006200057668138e+02
2.114621437194749092e+02
2.164380640541529317e+02
2.215310728791940562e+02
2.267439254064289855e+02
2.320794416806388369e+02
2.375405081051397644e+02
2.431300790032676389e+02
2.488511782166055468e+02
2.547069007408187815e+02
2.607004143999840835e+02
2.668349615603153779e+02
2.731138608842169901e+02
2.795405091256111518e+02
2.861183829675108541e+02
2.928510409028333470e+02
2.997421251594705609e+02
3.067953636706585030e+02
3.140145720917124663e+02
3.214036558642159775e+02
3.289666123287839241e+02
3.367075328875410491e+02
3.446306052174846286e+02
3.527401155359319205e+02
3.610404509192730416e+02
3.695361016762888084e+02
3.782316637773143952e+02
3.871318413405635397e+02
3.962414491769586675e+02
4.055654153948436260e+02
4.151087840659873791e+02
4.248767179543219754e+02
4.348745013088915243e+02
4.451075427225192129e+02
4.555813780577441889e+02
4.663016734416095801e+02
4.772742283309167419e+02
4.885049786496124398e+02
4.999999999999998863e+02
