# bin_4_3
5.049517447213583962e-08
2.181880406798548693e-09
4.867295225345843617e-08
3.115641622817655912e-09
4.760764428239897562e-08
4.683991295607893122e-09
4.732643754563077848e-08
6.932835893540058306e-09
4.787737211503136099e-08
9.929199503221640023e-09
4.933128936622090485e-08
1.376351291472945489e-08
5.178435905117771840e-08
1.855250120730719830e-08
5.536123207099989286e-08
2.444271546386789343e-08
6.021887332584460882e-08
3.161476754086149724e-08
6.655112941427853668e-08
4.028832288830590469e-08
7.459408351579639479e-08
5.072790041089663950e-08
8.463224403142302787e-08
6.324951949186761478e-08
9.700559326800356165e-08
7.822820989178153363e-08
1.121175018094106570e-07
9.610637003527311803e-08
1.304434642049073693e-07
1.174029064797108353e-07
1.525405635191623410e-07
1.427230168809635572e-07
1.790574754458632831e-07
1.727683812588385065e-07
2.107447161129724115e-07
2.083473908648581118e-07
2.484646862019044321e-07
2.503848772424793333e-07
2.932008635581288675e-07
2.999305777355245422e-07
3.460652572690293386e-07
3.581653075079999699e-07
4.083029315248304695e-07
4.264034747440235324e-07
4.812920552581594763e-07
5.060901991656941844e-07
5.665375248750947858e-07
5.987908636464713057e-07
6.656557720349401175e-07
7.061704881880525373e-07
7.803479262309639316e-07
8.299598933513330512e-07
9.123581181721295364e-07
9.719052907521378210e-07
1.063413463813337851e-06
1.133697809899555171e-06
1.235142292464431484e-06
1.316879686669329296e-06
1.428967642404217185e-06
1.522724603043698047e-06
1.645974179149795057e-06
1.752091233993443426e-06
1.886748765723984309e-06
2.005251716959021149e-06
2.151198242831318813e-06
2.281700835480853684e-06
2.438352861671594023e-06
2.579957457735476182e-06
2.746170469765205316e-06
2.897377337296816699e-06
3.071364978151762205e-06
3.230005584012062091e-06
3.409292450771085906e-06
3.572507271214569863e-06
3.753938290118457505e-06
3.918224267889889495e-06
4.098057468013307811e-06
4.259412903446490699e-06
4.433523332643375232e-06
4.587716567608357475e-06
4.751934619008831683e-06
4.894914588908195829e-06
5.045509124124588249e-06
5.173957607516288595e-06
5.308249971139499084e-06
5.420244517355385189e-06
5.537301908107146331e-06
5.633014214816517951e-06
5.734320871359010993e-06
5.816621114755309939e-06
5.906569713680074337e-06
5.981353049407647593e-06
6.067350997956825081e-06
6.143367381722409481e-06
6.235337556315984486e-06
6.323319122808314857e-06
6.432424747624519627e-06
6.543400832567885989e-06
6.679973160970486770e-06
6.822869947710192944e-06
6.993782700927867197e-06
7.172722310167941001e-06
7.378812985614254282e-06
7.590896819317226577e-06
7.825382730625828070e-06
8.060021470662977848e-06
8.309007506349926569e-06
8.549815950792543653e-06
8.795688800623893496e-06
9.025349106575154695e-06
9.252895096673713869e-06
9.460100447486278962e-06
9.663624013398747402e-06
9.849522186905795121e-06
1.003763183796374182e-05
1.021794985799950306e-05
1.041215477093664994e-05
1.061172855185800149e-05
1.083689046286475783e-05
1.107672614320478868e-05
1.134620623112512471e-05
1.162893415391428002e-05
1.193309773802147842e-05
1.223736718661190773e-05
1.254619705422000744e-05
1.283862093123459086e-05
1.312223812515181841e-05
1.338347285545791634e-05
1.363858787929774132e-05
1.388354919436329463e-05
1.414087198523511339e-05
1.440878048842252328e-05
1.470519506793024064e-05
1.501883148065554669e-05
1.535412792028430888e-05
1.568785953802882341e-05
1.601723224365546872e-05
1.632125780411769920e-05
1.660798627547754991e-05
1.687379927986608415e-05
1.714269574955024354e-05
1.741919852446249456e-05
1.772144448799013109e-05
1.803614435308457820e-05
1.835829303735720999e-05
1.865913470424698580e-05
1.893480433341631321e-05
1.917674146719408097e-05
1.940915139855974532e-05
1.964273309375090876e-05
1.989678006266147229e-05
2.015408439223027862e-05
2.040037031264138885e-05
2.060570502365709347e-05
2.077632158997999329e-05
2.092309313935614119e-05
2.107842600896665599e-05
2.123898820876740239e-05
2.139133092466177034e-05
2.149866348156194418e-05
2.156337239191239127e-05
2.160224426976052717e-05
2.165047117562847622e-05
2.169554186937752534e-05
2.171200899924294171e-05
2.167313133223167432e-05
2.161003144039780934e-05
2.154997467699421124e-05
2.149537337573934344e-05
2.140047988959787283e-05
2.126527556916315816e-05
2.112312331095961919e-05
2.100416086065901228e-05
2.086630600745710545e-05
2.069448301402541547e-05
2.052280194864947958e-05
2.038822995837856055e-05
2.024397507063687565e-05
2.008328141696577425e-05
1.995263915146648859e-05
1.986490952400821663e-05
1.976381915605693757e-05
1.968767518265390304e-05
1.966891167278411856e-05
1.966466556811901362e-05
1.967306015285231677e-05
1.975414861546802991e-05
1.984628472531293675e-05
1.996272327830271121e-05
2.013933198974217993e-05
2.032067646712847327e-05
2.052673427765732642e-05
2.077692159193033879e-05
2.100198593377400891e-05
2.127352495081741876e-05
2.151854879814215000e-05
2.177159903435431192e-05
2.201586280692714655e-05
2.223361885216514964e-05
2.245080499444113175e-05
2.262890725799276989e-05
2.280659862967836444e-05
2.295006602984635722e-05
2.309501478652759482e-05
2.322015428625992352e-05
2.335432570387505102e-05
2.348639007811142542e-05
2.363788414935672567e-05
2.380228283875785705e-05
2.399321991120043426e-05
2.420371792156664231e-05
2.443909115478975851e-05
2.468935725366702843e-05
2.495293188859790874e-05
2.521788560488781364e-05
2.547987028752420337e-05
2.572914994086616760e-05
2.596420310681252100e-05
2.618197282759723870e-05
2.638742337738082894e-05
2.658504633775944238e-05
2.678461261198911793e-05
2.699324140511734913e-05
2.721861717668801035e-05
2.746260283375564728e-05
2.772425789699273997e-05
2.799668319634228051e-05
2.827158274452793674e-05
2.853940631815283198e-05
2.879439818535243988e-05
2.903508263735521308e-05
2.926630056775920632e-05
2.949656587251127721e-05
2.973561507812796573e-05
2.998978786432526024e-05
3.025944476946534000e-05
3.053832991757289361e-05
3.081627387753800996e-05
3.108425765305162695e-05
3.133888892948364892e-05
3.158487029350768476e-05
3.183200950478793723e-05
3.209005039422752054e-05
3.236168157954606169e-05
3.264124266709005740e-05
3.291738158357416290e-05
3.318202625088555456e-05
3.343553520876983449e-05
3.368772992230458977e-05
3.394878290171898002e-05
3.422147512075811526e-05
3.449708294454975274e-05
3.476452371209706006e-05
3.501990128127917338e-05
3.527201139782597841e-05
3.553165558742944546e-05
3.580071845728037262e-05
3.606817232475192860e-05
3.632468967921017856e-05
3.657314448271004054e-05
3.682633493015077564e-05
3.708766706124730280e-05
3.734729718204268030e-05
3.759524468416609844e-05
3.783846382711432963e-05
3.808801529721835168e-05
3.834142483114743135e-05
3.858535040871522489e-05
3.882141012907445299e-05
3.906155628226750076e-05
3.930539589302522129e-05
3.953939224622872477e-05
3.976704914443515145e-05
3.999950452771684024e-05
4.023081400400912153e-05
4.045071954805595907e-05
4.067093770296801664e-05
4.089351599376089879e-05
4.110638850917665521e-05
4.131484831129741953e-05
4.152712420415444563e-05
4.172933485712075738e-05
4.192773572076479458e-05
4.212757065479883097e-05
4.231756644668893338e-05
4.250541709080354587e-05
4.269205451494995155e-05
4.286806934493558619e-05
4.304669276082854801e-05
4.321564961328293054e-05
4.338265658988147637e-05
4.354483024606096270e-05
4.370076704514183808e-05
4.385432839753043233e-05
4.399965721390098006e-05
4.414304556172047380e-05
4.427773747888150065e-05
4.440994359117992425e-05
4.453374939496033421e-05
4.465380736999446926e-05
4.476645250152625762e-05
4.487410200630508625e-05
4.497473841502985960e-05
4.506990900875154258e-05
4.515784445491656459e-05
4.524018271442167746e-05
4.531505513707519221e-05
4.538384016875687468e-05
4.544539878956568336e-05
4.550026579657398128e-05
4.554790294062877016e-05
4.558863680831464198e-05
4.562180450320969902e-05
4.564805202920732530e-05
4.566644111047720545e-05
4.567763668644480733e-05
4.568101914217920039e-05
4.567681538916746871e-05
4.566475416380742834e-05
4.564494233830176299e-05
4.561703277391728823e-05
4.558136447351254441e-05
4.553738954354753256e-05
4.548549277566336219e-05
4.542528196773679730e-05
4.535691892182739505e-05
4.528022413227607984e-05
4.519527210045497099e-05
4.510185609657634079e-05
4.500018563162728715e-05
4.488995517781918081e-05
4.477142679650008726e-05
4.464436983455994415e-05
4.450891621057742592e-05
4.436497050298696571e-05
4.421262401002883942e-05
4.405178738270585878e-05
4.388262729364743683e-05
4.370500162070430571e-05
4.351912518515672988e-05
4.332489123524167426e-05
4.312245310872214450e-05
4.291180668115669061e-05
4.269307658974501638e-05
4.246625692548282468e-05
4.223153118119562306e-05
4.198889308658211675e-05
4.173855209526398209e-05
4.148051829556895491e-05
4.121497892409301385e-05
4.094200393901835047e-05
4.066178521881275734e-05
4.037440419386434241e-05
4.008005792085314768e-05
3.977885431302796498e-05
3.947103313230902543e-05
3.915670325360240189e-05
3.883608643769525029e-05
3.850933054337072372e-05
3.817669517770432366e-05
3.783831360554130828e-05
3.749444488908452647e-05
3.714528030952270865e-05
3.679107146944957433e-05
3.643201076390217955e-05
3.606836886302329038e-05
3.570032520805012589e-05
3.532821121986272437e-05
3.495221636575385221e-05
3.457260725467693627e-05
3.418965785789223965e-05
3.380361022191984382e-05
3.341473338613239739e-05
3.302328961599206231e-05
3.262950480793306700e-05
3.223373987999895735e-05
3.183619211010197406e-05
3.143716018102827626e-05
3.103692270698289458e-05
3.063572391740999938e-05
3.023385306028709578e-05
2.983156187300981207e-05
2.942906735055925133e-05
2.902674495613005712e-05
2.862476901045659392e-05
2.822342071523790331e-05
2.782297562862859114e-05
2.742362282372556821e-05
2.702566343296617976e-05
2.662929711623429044e-05
2.623470225910239483e-05
2.584223968190787018e-05
2.545202742512537217e-05
2.506431561499249729e-05
2.467932302015904425e-05
2.429718045806558249e-05
2.391816604912169825e-05
2.354240059326334682e-05
2.317001244807037269e-05
2.280130901351700191e-05
2.243633616055757098e-05
2.207528890521615105e-05
2.171830603972460329e-05
2.136545059527356652e-05
2.101696251797829424e-05
2.067286874843690512e-05
2.033322949084545876e-05
1.999829145138653082e-05
1.966801717329460475e-05
1.934254474071861679e-05
1.902192365645169746e-05
1.870614018188550550e-05
1.839540108592197811e-05
1.808963339865520350e-05
1.778883223818061886e-05
1.749318261741882011e-05
1.720256126653680305e-05
1.691706107696152304e-05
1.663664534594032319e-05
1.636122719242734814e-05
1.609098913158654007e-05
1.582576506118148565e-05
1.556550626223458190e-05
1.531034079497604807e-05
1.506006397289615343e-05
1.481474700444266159e-05
1.457428433519054597e-05
1.433852474692468872e-05
1.410764433859770958e-05
1.388140315562307013e-05
1.365972942014569586e-05
1.344270317159969236e-05
1.323006168254029806e-05
1.302187479148174526e-05
1.281798098759433305e-05
1.261818975360312149e-05
1.242268545566349102e-05
1.223117448773145550e-05
1.204359211554150866e-05
1.185997301094131204e-05
1.168003236354855268e-05
1.150385454860285279e-05
1.133123974098976793e-05
1.116198150402627481e-05
1.099628339910136411e-05
1.083381930239673527e-05
1.067455117309010742e-05
1.051847897361250818e-05
1.036531538157228626e-05
1.021518252100436270e-05
1.006785424141057478e-05
9.923130402579391580e-06
9.781237603623088212e-06
9.641831722032806685e-06
9.504913030155970406e-06
9.370457037800446358e-06
9.238186230077945814e-06
9.108277778851266594e-06
8.980482506111434486e-06
8.854621316689288867e-06
8.730943333712381054e-06
8.609096063331236564e-06
8.489124146823590346e-06
8.370979583788094842e-06
8.254406535445563681e-06
8.139644777721865272e-06
8.026420316135677246e-06
7.914580888420841246e-06
7.804386492216523538e-06
7.695487894607139426e-06
7.587984927574924547e-06
7.481805363228243364e-06
7.376711797467760761e-06
7.272996903533429969e-06
7.170368288630372237e-06
7.068715593741479829e-06
6.968295767789288434e-06
6.868763828232673877e-06
6.770272980238560932e-06
6.672735724792008066e-06
6.575936793832151387e-06
6.480202277453406486e-06
6.385226673875250960e-06
6.290956395596784579e-06
6.197628703840000248e-06
6.104906131456977761e-06
6.012995168476877126e-06
5.921804250002848313e-06
5.831134011759616376e-06
5.741325716011742515e-06
5.652083553851511643e-06
5.563411211202340155e-06
5.475510828648834251e-06
5.388085133675756415e-06
5.301372209982061920e-06
5.215284404402053961e-06
5.129664277271415720e-06
5.044839730685251648e-06
4.960537529090282130e-06
4.876816459199135894e-06
4.793810589074227121e-06
4.711276128081936794e-06
4.629415769458300745e-06
4.548112573415831658e-06
4.467198723228350665e-06
4.386897337856122732e-06
4.306905616064517914e-06
4.227247966126465921e-06
4.147946154858178260e-06
4.068774441188393515e-06
3.989892579366197741e-06
3.911204130283719909e-06
3.832634896558896804e-06
3.754426824016925733e-06
3.676437081777425272e-06
3.598830266271457177e-06
3.521728749524986877e-06
3.445099224324654596e-06
3.369187922080483259e-06
3.294013930240277474e-06
3.219618819406763252e-06
3.146221487401459483e-06
3.073746714946828830e-06
3.002336357536444703e-06
2.932049716124692120e-06
2.862841308549556946e-06
2.794836581998497622e-06
2.727992317921848772e-06
2.662299164498817539e-06
2.597829891837050708e-06
2.534480777122808429e-06
2.472299129690580608e-06
2.411266728394753889e-06
2.351316457086090020e-06
2.292473851895266583e-06
2.234680859388262634e-06
2.177916825628340773e-06
2.122181978426033264e-06
2.067402086406739762e-06
2.013581106980632857e-06
1.960697546071973574e-06
1.908720844663056808e-06
1.857642454937990374e-06
1.807435769088987053e-06
1.758091738182997915e-06
1.709590840367206915e-06
1.661919118081708423e-06
1.615068725083730216e-06
1.569034536058119012e-06
1.523816769910891477e-06
1.479387961224467360e-06
1.435759382592964483e-06
1.392932952710316252e-06
1.350886558553341005e-06
1.309641916059305364e-06
1.269176977676892913e-06
1.229500904671913691e-06
1.190630067498104917e-06
1.152526555198001636e-06
1.115221943512206763e-06
1.078714386275394582e-06
1.042984882901707879e-06
1.008061967666714803e-06
9.739149301321308469e-07
9.405590298424586230e-07
9.080092575138453846e-07
8.762239745379624932e-07
8.452381241816709792e-07
8.150360439719128316e-07
7.856010739964036290e-07
7.569581652720917425e-07
7.290716958751506930e-07
7.019455658737561102e-07
6.755926497485851175e-07
6.499726518154104784e-07
6.251070542358224671e-07
6.009738533918708609e-07
5.775581756837982523e-07
5.548704407307560754e-07
5.328753961518701678e-07
5.115794213841090033e-07
4.909679711935946808e-07
4.710139940769088608e-07
4.517340476604380993e-07
4.330998482828047249e-07
4.150899552462948824e-07
3.977115657885995771e-07
3.809327347217006866e-07
3.647423017663577752e-07
3.491419987922824944e-07
3.340975980557607903e-07
3.196127581978436960e-07
3.056635033498492245e-07
2.922373710531620318e-07
2.793209924028217524e-07
2.668991704816310811e-07
2.549605932103511911e-07
2.434812299523088377e-07
2.324675658093102269e-07
2.218886598323866256e-07
2.117340835515108996e-07
2.019976572033647026e-07
1.926492322246419136e-07
1.836973955940067728e-07
1.751175885020357739e-07
1.668940567229893695e-07
1.590201097856979438e-07
1.514848498876133604e-07
1.442785127241408224e-07
1.373741811110967003e-07
1.307723160151570022e-07
1.244652032321561583e-07
1.184363271754794295e-07
1.126759993687782720e-07
1.071698121055592633e-07
1.019157392209687179e-07
9.690400436434868778e-08
9.211698429481733318e-08
8.754001650491211149e-08
8.318843440920782685e-08
7.903522861302429232e-08
7.506856418980772413e-08
7.130289692884925581e-08
6.769822421741164610e-08
6.427743608894117969e-08
6.102113479960889335e-08
5.789765011531719722e-08
5.495210098233420518e-08
5.213510508369398254e-08
4.945076361487888280e-08
4.691683190836456304e-08
4.448195553936399499e-08
4.218534904672859645e-08
4.000071851112035799e-08
3.790410422918479475e-08
3.593827045190962084e-08
3.405429416794153627e-08
3.226710304401858514e-08
3.058064927373343225e-08
2.896134097491716727e-08
2.743987459547099020e-08
2.599173980746169374e-08
2.460492765231128017e-08
2.330652473222582232e-08
2.206363782587829112e-08
2.088918830366615194e-08
1.977864590079611427e-08
1.871466285298609394e-08
1.771754236936418806e-08
1.676835168393474591e-08
1.586082062717971359e-08
1.501223387191650597e-08
1.420144055283555848e-08
1.343744910060924073e-08
1.271416505392055923e-08
1.202028705597204959e-08
1.137358220384705388e-08
1.075754221567886185e-08
1.016771111072853355e-08
9.619200385523764553e-09
9.093691833396937065e-09
8.600866226736163941e-09
8.135098142063472087e-09
7.685033918538239065e-09
7.270376703949587304e-09
6.873511514100786436e-09
6.492143057962686683e-09
6.141181935896032356e-09
5.800728690218992595e-09
5.484433782320630535e-09
5.186799948762285826e-09
4.895678802929852041e-09
4.632649987167091980e-09
4.378958948224135889e-09
4.134993105319472543e-09
3.913013737288615718e-09
3.693687807303593713e-09
3.492259398251833505e-09
3.302508002555240101e-09
3.113831503021224508e-09
2.946809569521791201e-09
2.783430420452223759e-09
2.627501575803427253e-09
2.486871685595001018e-09
2.346149498363200704e-09
2.219265652661129561e-09
2.099702541009415368e-09
1.979437101084393093e-09
1.875189981701742470e-09
1.771191922047004044e-09
1.672781679701397648e-09
1.583976476090798790e-09
1.493540882604730729e-09
1.413155719615282918e-09
1.336769243460092420e-09
1.259317172765470919e-09
1.193245883199504251e-09
1.126223041484298022e-09
1.063783308603328161e-09
1.007411002275014119e-09
9.494642482236201812e-10
8.989503998875471801e-10
8.505616504207529832e-10
8.014532613234402833e-10
7.600147024433269141e-10
7.173071231338081505e-10
6.780933309676455265e-10
6.424523931624069035e-10
6.055178579768933148e-10
5.738927264480673542e-10
5.432182191617284909e-10
5.122571479218161085e-10
4.862290123249098326e-10
4.590795823107015077e-10
4.344853805072390543e-10
4.119152275463472388e-10
3.883255248061715362e-10
3.683515344977674559e-10
3.486242404509355969e-10
3.288814447525859683e-10
3.122050794185599135e-10
2.946772324849588958e-10
2.789745269111351627e-10
2.644752367403583044e-10
2.493324440916714598e-10
2.366295508873732532e-10
2.239206905603481073e-10
2.114058939656741677e-10
2.007774122626710831e-10
1.895456726454696243e-10
1.795847642500618421e-10
1.703333987271115123e-10
1.606863902756233654e-10
1.526037434446009366e-10
1.444439547126368699e-10
1.365358195336495214e-10
1.297008549921151959e-10
1.225258623659246098e-10
1.161844503348367438e-10
1.102379692341629497e-10
1.040779689726389346e-10
9.891690463676959605e-11
9.363102118114760923e-11
8.863327220383876800e-11
8.419659459202274391e-11
7.961879957810411292e-11
7.553447305680907160e-11
7.170713831062193890e-11
6.776419608131496835e-11
6.443057975750103308e-11
6.101147041761059786e-11
5.782020596882575645e-11
5.493065702492712250e-11
5.197598641160429153e-11
4.935322943605622713e-11
4.684944067333010928e-11
4.432682375561264066e-11
4.215202993799104523e-11
3.993922656149391461e-11
3.787724377190609129e-11
3.599426458292186386e-11
3.408230238732808866e-11
3.237557730901215713e-11
3.074577102281137820e-11
2.911529621116499065e-11
2.769421385024425859e-11
2.624935687593538714e-11
2.491978078937026942e-11
2.368012487759755822e-11
2.243952803695291200e-11
2.132690718620495428e-11
2.025032022769830942e-11
1.919695815744371025e-11
1.825365924483438548e-11
1.731041218889138282e-11
1.643416241958630293e-11
1.561686310580324910e-11
1.480084790104692781e-11
1.406641815436801275e-11
1.335250845567564155e-11
1.265904196907951624e-11
1.203222987113528924e-11
1.140643646204220561e-11
1.082532902402928954e-11
1.027889831249068371e-11
9.737910275023912114e-12
9.245059227190869183e-12
8.765416142092661672e-12
8.304202406911631068e-12
7.877722716314751433e-12
7.457183583676954566e-12
7.064604456770430250e-12
6.690358978639956176e-12
6.325135072297717494e-12
5.986316473100808527e-12
5.655876907463554698e-12
5.340949115627342976e-12
5.042776830777389503e-12
4.753037573644218992e-12
4.477955482135949263e-12
4.215944849557466733e-12
3.960077331964952337e-12
3.720513876478897640e-12
3.487063201290606649e-12
3.263377401228122374e-12
3.051516889338869079e-12
2.845421012013038597e-12
2.649488527747402260e-12
2.462522486002662651e-12
2.281626981421244074e-12
2.111609541249291306e-12
1.947203116897296784e-12
1.791829864385142769e-12
1.644324057864082542e-12
1.504594414699084171e-12
1.372875552569646023e-12
1.249264354197559681e-12
1.133842046856355128e-12
1.026764221617079464e-12
9.275982247900392966e-13
8.372146643985053091e-13
7.545300438065850730e-13
6.809813466930472883e-13
6.148894454281976989e-13
5.570915386676351887e-13
5.072277747755035438e-13
4.643270101312618827e-13
4.285796371837299567e-13
3.992242449568865187e-13
3.751631045141269157e-13
3.566361563212976127e-13
3.414286567701640989e-13
3.297029858586146221e-13
3.202858356261608707e-13
3.117787310144078493e-13
3.037489906600874891e-13
2.951394979575957547e-13
2.850967871853355577e-13
2.737908863130238363e-13
2.597975541561285103e-13
2.439203599403740512e-13
2.260521811423525994e-13
2.062752130976297819e-13
1.856442458179880394e-13
1.646848878744389807e-13
1.441824513575075888e-13
1.256609134525255500e-13
1.090085799538080643e-13
9.563604282304013045e-14
8.573492624456599089e-14
7.905964285454626774e-14
7.575566770704671563e-14
7.486017383431648068e-14
7.538614165141979187e-14
7.675979493835364882e-14
7.708162808960231325e-14
7.609664847201743088e-14
7.296902040631485375e-14
6.742185929673950015e-14
6.013457109073460055e-14
5.164745328131064873e-14
4.306998948688802583e-14
3.589805280612822563e-14
3.048041708584250633e-14
2.781876632640542718e-14
2.751663788906251471e-14
2.882590829799372808e-14
3.075582081874546931e-14
3.187577617750871311e-14
3.123164059269580227e-14
2.871659382854626107e-14
2.433578644233444297e-14
1.952941994449053089e-14
1.540228138856083099e-14
1.302971130984889747e-14
1.285343138093194532e-14
1.417651018345121879e-14
1.578795686933404524e-14
1.649236357750305150e-14
1.525069635896671109e-14
1.256769169735852864e-14
9.413543599403184583e-15
7.241272478861726343e-15
6.915076919518448643e-15
8.032009570835194858e-15
9.337263356492942119e-15
9.547320552692613205e-15
8.033618529180971516e-15
5.807949647165017023e-15
4.232562583853734440e-15
4.258044908215007321e-15
5.408350605339467656e-15
6.161094453098823998e-15
5.481793834230081597e-15
3.846958585763442974e-15
2.644398725488314731e-15
2.922865561762901893e-15
3.898824867261941527e-15
4.083218772010706597e-15
3.017868602145718351e-15
1.878873946066069565e-15
1.949618827098342131e-15
2.789109234495201019e-15
2.819439897185692903e-15
1.847238287122169083e-15
1.230378343273927364e-15
1.738969957225922843e-15
2.185267600803246323e-15
1.553582047874114246e-15
9.059391619430553634e-16
1.287350721723455355e-15
1.638905583056925591e-15
1.065167435696563370e-15
6.922110562291422888e-16
1.151279171913180567e-15
1.145334306061928095e-15
5.726842835299673536e-16
7.405247327142514534e-16
9.913983320998290081e-16
5.289357389841383050e-16
5.338826943942050335e-16
8.036768700965631294e-16
4.223327941291210205e-16
4.621014462250806638e-16
6.264945093720329230e-16
3.034944161487450888e-16
4.534751003185160203e-16
4.381158316155239945e-16
2.412066435591311021e-16
4.483978117562803274e-16
2.209628246999130512e-16
3.265742397084174608e-16
2.664976021277693055e-16
2.174832837061106499e-16
2.758643983223798584e-16
1.628545663566645107e-16
2.490058537948523477e-16
1.402043071342051774e-16
2.113216473930973660e-16
1.273763699183223515e-16
1.767539020290652499e-16
1.156595353986264776e-16
1.485415031755887568e-16
1.035590178704230412e-16
1.259385629170404819e-16
9.156727370192114623e-17
1.075812054926252522e-16
8.026314721419543214e-17
9.239233619141149228e-17
6.995714513429774203e-17
7.963650183867964788e-17
6.074728385374331658e-17
6.881366333304994397e-17
5.261402749141829218e-17
5.956893402539959480e-17
4.548309167325772843e-17
5.163722339609972321e-17
3.925937563326602102e-17
4.481174969317439403e-17
3.384384349159520907e-17
3.892599359968211570e-17
2.914146107216150804e-17
3.384287910039415185e-17
2.506462205881099482e-17
2.944788273607553945e-17
2.153433068768282143e-17
2.564436206433226832e-17
1.848028219462171177e-17
2.235020569403936428e-17
1.584041964145110478e-17
1.949531700655682461e-17
1.356026213365630898e-17
1.701965464067555948e-17
1.159215714769213184e-17
1.487166472203361968e-17
9.894534184939171239e-18
1.300700143624469483e-17
8.431198386448455671e-18
1.138746758895864573e-17
7.170681348781660415e-18
9.980128067479850508e-18
6.085655123407955097e-18
8.756562314431901949e-18
5.152409382301512682e-18
7.692230312973052032e-18
4.350388616359747429e-18
6.765932823795837790e-18
3.661784735573580788e-18
5.959350075023885880e-18
3.071179940344662034e-18
5.256647079930783092e-18
2.565234574930421992e-18
4.644135039226434821e-18
2.132415135022962408e-18
4.109980650207604289e-18
1.762757563370565388e-18
3.643956541016622930e-18
1.447661938067571367e-18
3.237226771324166012e-18
1.179714523703978113e-18
2.882162687345573523e-18
9.525341031485001901e-19
2.572184942198408184e-18
7.606394007842976710e-19
2.301628207879946614e-18
5.993353917375523782e-19
2.065625653678846405e-18
4.646160112410904301e-19
1.860010693836504618e-18
3.530815201235558859e-19
1.681233971406735316e-18
2.618689850945550428e-19
1.526293818564935544e-18
1.885944174460035024e-19
1.392678854944659227e-18
1.313056561141861012e-19
1.278321486946492949e-18
8.844497726821082599e-20
1.181561581884063228e-18
5.882093369758481161e-20
1.101119485108968875e-18
4.158891712183978100e-20
1.036078166366914565e-18
3.624018057216778603e-20
