# bin_4_2
3.349383855259800490e-08
9.146209443459202717e-09
3.185634962226816178e-08
8.957762477374746052e-09
3.077786154510621827e-08
9.260458482869372852e-09
3.026390756105381142e-08
1.007200921578877230e-08
3.033481382317501684e-08
1.142495340622446274e-08
3.102671307325712840e-08
1.336790921207117423e-08
3.239295180920514922e-08
1.596722744658837349e-08
3.450591920879521174e-08
1.930907805199022662e-08
3.745932874500303454e-08
2.350199823896018075e-08
4.137098243579395272e-08
2.867993820261705342e-08
4.638605023728372553e-08
3.500583134940569482e-08
5.268088996596137060e-08
4.267571260136013191e-08
6.046742377831233765e-08
5.192339358019552352e-08
6.999807236687113103e-08
6.302568342130905239e-08
8.157121766340909773e-08
7.630811121693259211e-08
9.553713404632628344e-08
9.215106320364636705e-08
1.123042665570886822e-07
1.109961826098427400e-07
1.323456710385076104e-07
1.333528001639562026e-07
1.562053273371880501e-07
1.598040509530616883e-07
1.845039212273707219e-07
1.910121976243747894e-07
2.179435281842359569e-07
2.277225055606077351e-07
2.573104491532988882e-07
2.707648092379551113e-07
3.034752183627580916e-07
3.210516679099067652e-07
3.573885507797372719e-07
3.795717391202766786e-07
4.200717169193700439e-07
4.473767187431426945e-07
4.925995567952401991e-07
5.255599289117230828e-07
5.760740988042170585e-07
6.152244286115591061e-07
6.715865975346723270e-07
7.174384388155574105e-07
7.801658147105163689e-07
8.331760111491532202e-07
9.027106636986113718e-07
9.632413527905299426e-07
1.039906047299697839e-06
1.108176208941598375e-06
1.192122035552709096e-06
1.268151387270182691e-06
1.359298629284079027e-06
1.442846083431387274e-06
1.540821447574341606e-06
1.631322303148539366e-06
1.735397881907105561e-06
1.831906457464906324e-06
1.940948591740309016e-06
2.042096026716773348e-06
2.154535414694376231e-06
2.258515607130044998e-06
2.372353175097218644e-06
2.476952740576809368e-06
2.589818228418260015e-06
2.692508045474118132e-06
2.801788845197596789e-06
2.899893849620190743e-06
3.002948804876977768e-06
3.093907457877788272e-06
3.188372188565376868e-06
3.270085508711573518e-06
3.354260467169847120e-06
3.425511013555787122e-06
3.498799690042556421e-06
3.559692934684860419e-06
3.623026014561361773e-06
3.675372233539423154e-06
3.731518066871108030e-06
3.779038559444555452e-06
3.832670137352868150e-06
3.880889411008207113e-06
3.938268475312493477e-06
3.993962307149275967e-06
4.062132916839760331e-06
4.132262792238401594e-06
4.217740844787618468e-06
4.307936069401105837e-06
4.415048985940900506e-06
4.527898697713125639e-06
4.657154639527095423e-06
4.790805852348335938e-06
4.937891678889855829e-06
5.085624979429539026e-06
5.241726436918077739e-06
5.393153006814163285e-06
5.547099569699120063e-06
5.691234659081463686e-06
5.833366064495805288e-06
5.963017544597705861e-06
6.089682777970594727e-06
6.205523395207775041e-06
6.322104945620786679e-06
6.434014052313587142e-06
6.554039151133352302e-06
6.677642770431427081e-06
6.816745423655863135e-06
6.965234676881482448e-06
7.131763632846770636e-06
7.306696674416316131e-06
7.494445784513002795e-06
7.682201577514495447e-06
7.872059066862031296e-06
8.051385653405963464e-06
8.224303962290316252e-06
8.382802626359459202e-06
8.536517264879237430e-06
8.683419444067994264e-06
8.837130261262964801e-06
8.997001297088889698e-06
9.173778472135509169e-06
9.360756086640687637e-06
9.560183333880364502e-06
9.757760968117654423e-06
9.951189581107887342e-06
1.012754027261801175e-05
1.029139004683484409e-05
1.044074882388543024e-05
1.059029504338756752e-05
1.074314505907211700e-05
1.091028866182118046e-05
1.108354346838834468e-05
1.125928548357260517e-05
1.141951893853326693e-05
1.156135647919009130e-05
1.167953721220261074e-05
1.178893632480030802e-05
1.189644079793078906e-05
1.201384019362464833e-05
1.213035759775614903e-05
1.223658411529890432e-05
1.231368405917953396e-05
1.236524313291693431e-05
1.239821758939585948e-05
1.243277703369054172e-05
1.246690442164883895e-05
1.249182862788215703e-05
1.248440104697771578e-05
1.244592183161576651e-05
1.238714902304680705e-05
1.233019707169149079e-05
1.226735585463085893e-05
1.218249551136201019e-05
1.205898061575146789e-05
1.191654985190068894e-05
1.177279693563496953e-05
1.162943016572878888e-05
1.145798581923922809e-05
1.125876322621422469e-05
1.105341710164100066e-05
1.086143949191881824e-05
1.065689270911792912e-05
1.043080203944929976e-05
1.020548139878137055e-05
1.000494532702341825e-05
9.800411683287247016e-06
9.588295699539441322e-06
9.398778912848276671e-06
9.240652675532172014e-06
9.079050334523352508e-06
8.938738791510315610e-06
8.840756890888763953e-06
8.758351226855779165e-06
8.690601423611763656e-06
8.675517826317099768e-06
8.674044977146287119e-06
8.694242947826094035e-06
8.758307885838470481e-06
8.830493454960869687e-06
8.922573573546545132e-06
9.045796020074397688e-06
9.155251105535358087e-06
9.294997688265281430e-06
9.417682961139173419e-06
9.543995575985705958e-06
9.662280425281750523e-06
9.760522471317532181e-06
9.854554347647203629e-06
9.919803732366923521e-06
9.980816248125923176e-06
1.001670013624791280e-05
1.005080528126990151e-05
1.007075984517777879e-05
1.009601675575542664e-05
1.012085691347008617e-05
1.016007980083304158e-05
1.021056758470782420e-05
1.028152204744962010e-05
1.036871279870090407e-05
1.047510375836833075e-05
1.059357029669524922e-05
1.072183698752486059e-05
1.085094850416127542e-05
1.097667570883421549e-05
1.109172553944156297e-05
1.119440230192341299e-05
1.128277181822134733e-05
1.136056865537334208e-05
1.143190832242011488e-05
1.150449468952600347e-05
1.158445104129643736e-05
1.167777462822393444e-05
1.178618098097134599e-05
1.190864456951489947e-05
1.203968706115920797e-05
1.217236115630043225e-05
1.229905950366800816e-05
1.241502042143674204e-05
1.251926269345957363e-05
1.261572682020782849e-05
1.271154040154829596e-05
1.281459797331712092e-05
1.293015181726932377e-05
1.305839527121556532e-05
1.319426372051098759e-05
1.332940820558708005e-05
1.345657735324456504e-05
1.357305409070224433e-05
1.368282566814498158e-05
1.379394301720207989e-05
1.391442383571309363e-05
1.404642630435086351e-05
1.418533793336992704e-05
1.432189003706227070e-05
1.444958135813832814e-05
1.456879311622623506e-05
1.468764262982186944e-05
1.481446056616145940e-05
1.495151279374955221e-05
1.509166109497042656e-05
1.522589783334922265e-05
1.535112745737002236e-05
1.547461546145855580e-05
1.560521052488148745e-05
1.574442635018230146e-05
1.588325651447426015e-05
1.601414053798475934e-05
1.613952765948394283e-05
1.626991157306989315e-05
1.640806193582564554e-05
1.654591838162315529e-05
1.667540486334054113e-05
1.680229074465931809e-05
1.693565496943016222e-05
1.707344454318941032e-05
1.720480348940018353e-05
1.733113952170642767e-05
1.746227899528840944e-05
1.759786643061507730e-05
1.772688170832072032e-05
1.785227038749133882e-05
1.798318474990653922e-05
1.811475288681559125e-05
1.823868243499706618e-05
1.836460722006881871e-05
1.849420333130476522e-05
1.861766626596489968e-05
1.873944734109340252e-05
1.886623306349785470e-05
1.898674010869833044e-05
1.910622895685569188e-05
1.922896037894722179e-05
1.934573642097032505e-05
1.946299690285798067e-05
1.958138849722605227e-05
1.969331041958325310e-05
1.980965951779927622e-05
1.992028209663243286e-05
2.003169199618964408e-05
2.014147860046160550e-05
2.024849134474937187e-05
2.035609764724186121e-05
2.045940484731008992e-05
2.056376324119824924e-05
2.066363462604105470e-05
2.076412384735935263e-05
2.086047114189252860e-05
2.095647282307818644e-05
2.104915031137630609e-05
2.114054731575564156e-05
2.122897646043386309e-05
2.131580394952010697e-05
2.139958414555429459e-05
2.148171013953930177e-05
2.156068463054217947e-05
2.163767273621837583e-05
2.171176224126614447e-05
2.178341352603952323e-05
2.185220310046714925e-05
2.191844049178414382e-05
2.198158813291992722e-05
2.204221632453628026e-05
2.209954874292460752e-05
2.215417047856545321e-05
2.220557477228582197e-05
2.225396033225627784e-05
2.229911974213435416e-05
2.234114906462450676e-05
2.237975180501010594e-05
2.241523125806739144e-05
2.244711057721748452e-05
2.247572122281299569e-05
2.250072736291699568e-05
2.252225175250264271e-05
2.254013064547157085e-05
2.255441379457260640e-05
2.256491182153456010e-05
2.257178850932274429e-05
2.257473913589865306e-05
2.257396580822065277e-05
2.256923290495602298e-05
2.256062969284044321e-05
2.254803130173216669e-05
2.253147009911541187e-05
2.251081609000227707e-05
2.248617292444710507e-05
2.245734379067339113e-05
2.242446235722424426e-05
2.238736675776933436e-05
2.234612602290906368e-05
2.230065618857423465e-05
2.225098726991102158e-05
2.219703847039510047e-05
2.213888399179974391e-05
2.207640846331104995e-05
2.200971272278551944e-05
2.193869937965549602e-05
2.186343515235431579e-05
2.178387285598080002e-05
2.170005921699024107e-05
2.161195751796638484e-05
2.151963912353029886e-05
2.142305344861014624e-05
2.132229869077195204e-05
2.121733024489627620e-05
2.110822610926224599e-05
2.099498709663595185e-05
2.087768175039660804e-05
2.075631336001571329e-05
2.063097546410559902e-05
2.050167309411790335e-05
2.036850109617580640e-05
2.023147612670586493e-05
2.009070480618231161e-05
1.994621858662997907e-05
1.979812784344938794e-05
1.964648176436576766e-05
1.949138274700014023e-05
1.933289644587907338e-05
1.917114019378065662e-05
1.900618013362765995e-05
1.883813498799279722e-05
1.866708430561561560e-05
1.849317172642373793e-05
1.831647774816239999e-05
1.813714188139011304e-05
1.795526307964412564e-05
1.777098081561014764e-05
1.758440424569568741e-05
1.739567189161480949e-05
1.720488816715696386e-05
1.701223198435202215e-05
1.681780431498334800e-05
1.662175954803320205e-05
1.642423482493642661e-05
1.622536232822661715e-05
1.602529243336433141e-05
1.582416623465827436e-05
1.562209786398893667e-05
1.541929011501216905e-05
1.521584381969858777e-05
1.501192373898691592e-05
1.480767038307170763e-05
1.460321031629253802e-05
1.439870903177490230e-05
1.419429159583127548e-05
1.399007225104567152e-05
1.378624742290669001e-05
1.358290344049264176e-05
1.338019631291455374e-05
1.317824661947524828e-05
1.297716312977213618e-05
1.277710537475014788e-05
1.257816624415454801e-05
1.238043945326776654e-05
1.218409921337946944e-05
1.198920251046701026e-05
1.179587994176147074e-05
1.160421799628833791e-05
1.141428914413972204e-05
1.122623777982027360e-05
1.104010955775657006e-05
1.085596540959080135e-05
1.067394689203062262e-05
1.049406634019842881e-05
1.031642473752171838e-05
1.014106334772751184e-05
9.968009987766988353e-06
9.797387416273159320e-06
9.629187636690133330e-06
9.463438452926498229e-06
9.300242352000227659e-06
9.139561575955124277e-06
8.981470279516581441e-06
8.825964044799352066e-06
8.673025369341205018e-06
8.522757231839129627e-06
8.375101502249810578e-06
8.230057516227492543e-06
8.087688708966101844e-06
7.947914041190667293e-06
7.810786623905549480e-06
7.676259867944250191e-06
7.544279603407906230e-06
7.414934965285553900e-06
7.288125697306301602e-06
7.163835500788786249e-06
7.042090376185288156e-06
6.922781238402394800e-06
6.805948500323483251e-06
6.691511683111337756e-06
6.579391986529856801e-06
6.469671841490498883e-06
6.362220385195128846e-06
6.257016434241144863e-06
6.154056754061213074e-06
6.053216222607091909e-06
5.954537195858667631e-06
5.857913792873552186e-06
5.763256196085587886e-06
5.670648368399921188e-06
5.579939631307456033e-06
5.491113997746594838e-06
5.404147497047667084e-06
5.318909232027878019e-06
5.235459575004012075e-06
5.153674767091283833e-06
5.073465136738623270e-06
4.994922462584828584e-06
4.917884551307839229e-06
4.842350161422500406e-06
4.768281195275862768e-06
4.695551761503529129e-06
4.624251679777470024e-06
4.554241604336136652e-06
4.485439596041658277e-06
4.417947473695872536e-06
4.351599426780168390e-06
4.286419759481619913e-06
4.222358955631745004e-06
4.159297279671751454e-06
4.097357560453571890e-06
4.036387967595328728e-06
3.976323300191740916e-06
3.917273557516636169e-06
3.859068783314560910e-06
3.801763066469869745e-06
3.745298813527568319e-06
3.689563330501095342e-06
3.634708318934596256e-06
3.580568992458358151e-06
3.527105089612514309e-06
3.474426920529644158e-06
3.422357895396121193e-06
3.370986357008317392e-06
3.320249878437139599e-06
3.270035779878760167e-06
3.220517629978955593e-06
3.171524785746640121e-06
3.123042707629907504e-06
3.075171284409577514e-06
3.027737192956442986e-06
2.980854546815592554e-06
2.934455423168777879e-06
2.888436197649756927e-06
2.842977386559002416e-06
2.797905412769877641e-06
2.753236417805835834e-06
2.709044512763328648e-06
2.665178785984541897e-06
2.621764556143343176e-06
2.578734755145541807e-06
2.536003550244180445e-06
2.493749707449126034e-06
2.451814063385171561e-06
2.410245249152979177e-06
2.369099910697333634e-06
2.328258510117614190e-06
2.287854762740326018e-06
2.247821583139349988e-06
2.208090268859990368e-06
2.168806016817591038e-06
2.129806785776801921e-06
2.091129861665492171e-06
2.052777464385521171e-06
2.014620076608800836e-06
1.976748614602233666e-06
1.939066269918746281e-06
1.901504686620254254e-06
1.864167257316854484e-06
1.826918065180329104e-06
1.789816976390181450e-06
1.752879962083360461e-06
1.716045642627940184e-06
1.679439725848254121e-06
1.643029257655611674e-06
1.606828029069401161e-06
1.570964172547643566e-06
1.535385101297374636e-06
1.500195236183983104e-06
1.465437816225942588e-06
1.431102125849504724e-06
1.397303665927652913e-06
1.364024111747650245e-06
1.331285304156899635e-06
1.299160092405654942e-06
1.267592951762166488e-06
1.236636464847505035e-06
1.206287187314571093e-06
1.176510216156056802e-06
1.147346938334545003e-06
1.118748397474121283e-06
1.090704363434599943e-06
1.063224065652650946e-06
1.036251918690338417e-06
1.009801279658489273e-06
9.838515675290745453e-07
9.583703705467075595e-07
9.333648276212643898e-07
9.088013203303650929e-07
8.846745364367887752e-07
8.609773183938543158e-07
8.376843626454150331e-07
8.147972223666465739e-07
7.923073984380485579e-07
7.702038051533004565e-07
7.484815637113468930e-07
7.271326712727360605e-07
7.061596356690233794e-07
6.855545211415561822e-07
6.653182387766680066e-07
6.454432140083786911e-07
6.259323974950295665e-07
6.067895201186817584e-07
5.880030471806027367e-07
5.695818109879882263e-07
5.515270764031053060e-07
5.338322060981766423e-07
5.165088063850284817e-07
4.995452053223699598e-07
4.829486704133673377e-07
4.667253129806909203e-07
4.508590169006822995e-07
4.353660013006558924e-07
4.202402576806878944e-07
4.054756923329110451e-07
3.910850756175348942e-07
3.770503370589498499e-07
3.633787676451206639e-07
3.500762417328719029e-07
3.371240184827310721e-07
3.245335349865788359e-07
3.122949324515602486e-07
3.004027067856257972e-07
2.888641885084972829e-07
2.776618522624733362e-07
2.668001986608531570e-07
2.562741088389135843e-07
2.460709998822544334e-07
2.361988886498408717e-07
2.266429728662782018e-07
2.173982344060070592e-07
2.084646671647164264e-07
1.998283753336876417e-07
1.914891390732726939e-07
1.834423998480299585e-07
1.756719550671318694e-07
1.681844831929652467e-07
1.609666226647894610e-07
1.540077971176140881e-07
1.473108279576863098e-07
1.408606507496578353e-07
1.346539249128032539e-07
1.286853082016043726e-07
1.229485659152462922e-07
1.174350785951729256e-07
1.121368749420094411e-07
1.070523072405891207e-07
1.021669899330607541e-07
9.748304360148010485e-08
9.299111306650057155e-08
8.868011683700886280e-08
8.455341476890136670e-08
8.059672942174602916e-08
7.680919323166060775e-08
7.318127099860626254e-08
6.970688888550464850e-08
6.638506378830243432e-08
6.320791021617389603e-08
6.017130719684794747e-08
5.726405677817857246e-08
5.448987986601775945e-08
5.184124328003373334e-08
4.930779174361264316e-08
4.688888834040496678e-08
4.458135113164813378e-08
4.238043091264026575e-08
4.028028324975735401e-08
3.827762006659491981e-08
3.636586655589234417e-08
3.454770783475185159e-08
3.281475863465461811e-08
3.115582700110336527e-08
2.958554169246419488e-08
2.808551915957471377e-08
2.665607338525401749e-08
2.530297837658013265e-08
2.400399028118532661e-08
2.277765785757372343e-08
2.160999957177309305e-08
2.048985168185278982e-08
1.943821975274408383e-08
1.842971473638718906e-08
1.747300572643688811e-08
1.656944375052884569e-08
1.570037091486063959e-08
1.488446974319372746e-08
1.410685011815515899e-08
1.336262798724385337e-08
1.266537791659978537e-08
1.199665661827260953e-08
1.136490291290807737e-08
1.076696762315475998e-08
1.019358464377931983e-08
9.656588425359333835e-09
9.144615530068973160e-09
8.656083891085089235e-09
8.197633566744393641e-09
7.759306496531196884e-09
7.346278570176571657e-09
6.954834396248603799e-09
6.580015304035431163e-09
6.230000406066626485e-09
5.896208454480574100e-09
5.577855241192122671e-09
5.279672376418969777e-09
4.994289980863111726e-09
4.726329882818564209e-09
4.472754201292017221e-09
4.228763278979429023e-09
4.002968281609612896e-09
3.787141461155571837e-09
3.580940957112624720e-09
3.389188524178441220e-09
3.203921834717564393e-09
3.031283002434944298e-09
2.868103736392724662e-09
2.709304988696299083e-09
2.564748420018081188e-09
2.425604191653908582e-09
2.293019959243104340e-09
2.170984620685763114e-09
2.051362815335124020e-09
1.941341245490686333e-09
1.837190034183535504e-09
1.734275446937628820e-09
1.642259571849570494e-09
1.552244799514044509e-09
1.466905767503007907e-09
1.388886078738669776e-09
1.311248898786188817e-09
1.241221346347252303e-09
1.174818733895071920e-09
1.108650664269573522e-09
1.050797929974831388e-09
9.932302004157899382e-10
9.392247966116499067e-10
8.899557095300273190e-10
8.399772990348802956e-10
7.956961869517621406e-10
7.532451785085962438e-10
7.105952803273840984e-10
6.737756604975636407e-10
6.364639990013793043e-10
6.019259694331396881e-10
5.703549235546518252e-10
5.379797253316102478e-10
5.098896705316544800e-10
4.826810024235915701e-10
4.553934755130509037e-10
4.320737992163428494e-10
4.080996170378634656e-10
3.862427497120925498e-10
3.661530167205630865e-10
3.453690628606296835e-10
3.276508884730521293e-10
3.102518583592204625e-10
2.929264441908868470e-10
2.781995861604286681e-10
2.628507464390452709e-10
2.490485269605310948e-10
2.362802378667927783e-10
2.229742500803007206e-10
2.117450104121897286e-10
2.005152656681192572e-10
1.894478378857907414e-10
1.799915510327925807e-10
1.700450771901597676e-10
1.611793409725245048e-10
1.529375038372299041e-10
1.443418773944968649e-10
1.371288365746093579e-10
1.298366891590373207e-10
1.227785056346915202e-10
1.166607277475167870e-10
1.102496548125161361e-10
1.045660144830670995e-10
9.925040818867842050e-11
9.372890806908731260e-11
8.910142739624291783e-11
8.436822871883404015e-11
7.988164420068496905e-11
7.589842716570559682e-11
7.178577593809684956e-11
6.812560929039756738e-11
6.468417588001828908e-11
6.113651155573926915e-11
5.814828147854433154e-11
5.506801292031569498e-11
5.219951227903834916e-11
4.960355604562975731e-11
4.694684282667390895e-11
4.457915984470610301e-11
4.233961443234819323e-11
4.005770933253693711e-11
3.810628173624063778e-11
3.610916809618699447e-11
3.425540014608781911e-11
3.255740407278471674e-11
3.083086193192217458e-11
2.929870710905591358e-11
2.782371346178818359e-11
2.635300091974754308e-11
2.507328370060648422e-11
2.376848528186831764e-11
2.256539974288237398e-11
2.144934991734587448e-11
2.032624824706103046e-11
1.932001162919013218e-11
1.835354494381946418e-11
1.739345862312291363e-11
1.654782502696547902e-11
1.569012376646477315e-11
1.490119731900750341e-11
1.416115495654803658e-11
1.342238384276975341e-11
1.275901043101182875e-11
1.211243249581246858e-11
1.148525861108636114e-11
1.091782440364840988e-11
1.035081561341988664e-11
9.825461202549228785e-12
9.330298260393312085e-12
8.839694003227863684e-12
8.393959765781527852e-12
7.959555115887240459e-12
7.539576155893089814e-12
7.155602292197612853e-12
6.772861055873869389e-12
6.416503483931153851e-12
6.078857987845830420e-12
5.745524774669689442e-12
5.439061352875722906e-12
5.140010003435877666e-12
4.852325810089994937e-12
4.583580137214185089e-12
4.318962733471335947e-12
4.070429514553861769e-12
3.831748160493642178e-12
3.599535429713995695e-12
3.382036377517215944e-12
3.169538128973688392e-12
2.966905907059218299e-12
2.773845616753933649e-12
2.586645526496849084e-12
2.408740958028532465e-12
2.238534315686050737e-12
2.074211829457820257e-12
1.919413709921400472e-12
1.770260558871879299e-12
1.628350345078716636e-12
1.494932186677978990e-12
1.367196880478405165e-12
1.247584481561183472e-12
1.135375580358452405e-12
1.029913310303225685e-12
9.328844650467757226e-13
8.425896474170004488e-13
7.600664603180785799e-13
6.854320498278892918e-13
6.180056600648631051e-13
5.582422572561035981e-13
5.055741443067282007e-13
4.602195499997467311e-13
4.213533872084074781e-13
3.888730832312305496e-13
3.621725813812452363e-13
3.404819855076147956e-13
3.235474006824250487e-13
3.099839759730149985e-13
2.992769550472392753e-13
2.908939734171518386e-13
2.831264898634786357e-13
2.759720989569886947e-13
2.681569767596583898e-13
2.591487526253687722e-13
2.488285820610783079e-13
2.362217967519997014e-13
2.217091580560601001e-13
2.055246172860054337e-13
1.874560670546296132e-13
1.687463516600375412e-13
1.495997929883028910e-13
1.310175755836708326e-13
1.140638540303932037e-13
9.898809702679557116e-14
8.676650191990898848e-14
7.779210018396437278e-14
7.170684888800228454e-14
6.875468909791292842e-14
6.791423251571061565e-14
6.849640184355642730e-14
6.968892754277394242e-14
7.008288357837131574e-14
6.915611045613087258e-14
6.635002324075054586e-14
6.128687101732959390e-14
5.467310689811143665e-14
4.690882416000396571e-14
3.914327515724433352e-14
3.254910191641278594e-14
2.767372563787902294e-14
2.521154299293601299e-14
2.497907683464164672e-14
2.616066253353441686e-14
2.795638515690685978e-14
2.895939724872334230e-14
2.841767902341514777e-14
2.608684715759207347e-14
2.213556518930115065e-14
1.772134008606192366e-14
1.398561936342504351e-14
1.180493844163992031e-14
1.166890225316340277e-14
1.286018786222172342e-14
1.436284229275980392e-14
1.498078302088673713e-14
1.388047240673233941e-14
1.140946665473198550e-14
8.555231903489480889e-15
6.556699851412540898e-15
6.279450605072111153e-15
7.283735272231800670e-15
8.498651965994825189e-15
8.671055432860398763e-15
7.313103105831441925e-15
5.263501736344021885e-15
3.845107843310416402e-15
3.854295054541841061e-15
4.921051308961221180e-15
5.594992643058906119e-15
4.992312324578089220e-15
3.484747635682195183e-15
2.404298956920504189e-15
2.644520309176453443e-15
3.550758170160945838e-15
3.707332935738803439e-15
2.747760264004112268e-15
1.696888438693309037e-15
1.774652678188538176e-15
2.529279597775194546e-15
2.570127650957109005e-15
1.671433716686286768e-15
1.119979913790287840e-15
1.574570888766404661e-15
1.992353085390926291e-15
1.406613987503215264e-15
8.254919826326872593e-16
1.164375125242486859e-15
1.495395113170202908e-15
9.627360098481035205e-16
6.313497912402836318e-16
1.042545069331841568e-15
1.045298662305681362e-15
5.151352049189349774e-16
6.762367376097391459e-16
8.979308218344869919e-16
4.834565970189639521e-16
4.809509426773075161e-16
7.343428783404834616e-16
3.798596115753261827e-16
4.226028389014896293e-16
5.667478704098351097e-16
2.780241960052115931e-16
4.091700276065922617e-16
4.010869562529279373e-16
2.157842801287423180e-16
4.105350786616623301e-16
1.977077482175501950e-16
2.993415978911084184e-16
2.396369784089992805e-16
1.997709716348172335e-16
2.484946698113178014e-16
1.499197119005914427e-16
2.242416874848048262e-16
1.292544479965286450e-16
1.900774828820668663e-16
1.175453587749374507e-16
1.587360507112165439e-16
1.068404922157283267e-16
1.331771517771923132e-16
9.577711210586373339e-17
1.127217557303588721e-16
8.480664265407309353e-17
9.612639043781456583e-17
7.445904384584900907e-17
8.240928104600886355e-17
6.501899162897106275e-17
7.090043483280324736e-17
5.657693174080355283e-17
6.114464920704810601e-17
4.911580921139802601e-17
5.281910611601266707e-17
4.256844414088505029e-17
4.568284102076085775e-17
3.684853747218257221e-17
3.954800698698635948e-17
3.186610334094394252e-17
3.426341083329667921e-17
2.753473068774412845e-17
2.970464720228215849e-17
2.377472397316800348e-17
2.576781807329068144e-17
2.051419314373560009e-17
2.236527760371910839e-17
1.768913601788766780e-17
1.942258216243856727e-17
1.524304076653975023e-17
1.687620064745033683e-17
1.312627895257777177e-17
1.467173212685294588e-17
1.129542803695525319e-17
1.276248031632858556e-17
9.712594561831930620e-18
1.110829061009955130e-17
8.344772888531439376e-18
9.674587231871252045e-18
7.163255753303274039e-18
8.431567712884611159e-18
6.143101902840490361e-18
7.353523739770469868e-18
5.262661003515997254e-18
6.418265212612063337e-18
4.503152936845771809e-18
5.606629865782678531e-18
3.848297381640614247e-18
4.902064298279294681e-18
3.283988898133956810e-18
4.290265327781659661e-18
2.798012938157959106e-18
3.758872299974348509e-18
2.379798081022060899e-18
3.297202946485913107e-18
2.020200428795387838e-18
2.896026315800987108e-18
1.711316249088649621e-18
2.547367657549841384e-18
1.446319516136559726e-18
2.244340570375399491e-18
1.219321236866843316e-18
1.981002877285095499e-18
1.025247933207211489e-18
1.752232863266915979e-18
8.597369210826899415e-19
1.553623258487556097e-18
7.190463987694728836e-19
1.381390642078584159e-18
5.999785132236763984e-19
1.232298377079327382e-18
4.998139792216472255e-19
1.103591383939892760e-18
4.162569745368612203e-19
9.929414857345006332e-19
3.473892297752296373e-19
8.984021526582661556e-19
2.916324631920796662e-19
8.183718312803061296e-19
2.477184888078053834e-19
7.515650192889930029e-19
2.146664378535122092e-19
6.969907374777226377e-19
1.917667592521230542e-19
