# bin_4_4
5.161504620550022908e-08
6.704611549759895678e-09
5.025816696463750876e-08
7.837130555772376067e-09
4.974702173736121777e-08
9.722507860308559609e-09
5.012487804656273254e-08
1.242311356738123231e-08
5.145949975392878108e-08
1.602644764642521520e-08
5.384570539635282827e-08
2.064809037102072617e-08
5.740861379811900525e-08
2.643536713843079574e-08
6.230764718151686546e-08
3.357179535509779292e-08
6.874135536712996406e-08
4.228238478814055731e-08
7.695313173815073938e-08
5.283985925928116596e-08
8.723788956288487700e-08
6.557186367370208639e-08
9.994975330726007235e-08
8.086920803815492454e-08
1.155108042460029698e-07
9.919516583599261278e-08
1.344208807726430177e-07
1.210958120359804980e-07
1.572683911631702479e-07
1.472113189973149845e-07
1.847420117050309055e-07
1.782880418618859922e-07
2.176430500020358518e-07
2.151910995622927366e-07
2.568981026209571286e-07
2.589170037443221284e-07
3.035714580737615409e-07
3.106056649315963170e-07
3.588764487780411880e-07
3.715508427402257443e-07
4.241846568901806261e-07
4.432077649566795076e-07
5.010315090330298398e-07
5.271962425174808385e-07
5.911163542307509102e-07
6.252971306199114775e-07
6.962946231155450196e-07
7.394394662529312157e-07
8.185591225159063114e-07
8.716750639346102433e-07
9.600069815014959534e-07
1.024136832700941635e-06
1.122788285404889832e-06
1.198976671517605583e-06
1.309032138289354068e-06
1.398278642788173311e-06
1.520745916480822505e-06
1.623943387999747243e-06
1.759684047347653564e-06
1.877540694080917103e-06
2.027184040502448048e-06
2.160129045790653254e-06
2.323970054581073610e-06
2.472044281424977834e-06
2.649928384109550874e-06
2.812664486382776633e-06
3.003865272460707962e-06
3.180165349276008271e-06
3.383265656906831573e-06
3.571289524555813828e-06
3.784081843145950767e-06
3.981164887097193955e-06
4.200593190982763340e-06
4.403219078616628552e-06
4.625390387439931730e-06
4.829249606588538842e-06
5.049548320275534361e-06
5.249716785667510361e-06
5.463055983568508547e-06
5.654326193597757771e-06
5.855564570506269381e-06
6.032951588503900559e-06
6.217488827186750010e-06
6.376910878783380704e-06
6.541444326092156151e-06
6.680539790748238787e-06
6.823918935182300737e-06
6.942907034441481988e-06
7.066960662913737724e-06
7.169386275181994979e-06
7.279528106228404580e-06
7.372664246954446731e-06
7.478024042719695083e-06
7.572662335124018959e-06
7.685470849327180842e-06
7.794846443788128068e-06
7.928864353136493625e-06
8.066579859564646434e-06
8.234544396094164019e-06
8.411612345124482777e-06
8.622002251365394349e-06
8.843517255609885456e-06
9.097375564209422339e-06
9.359783274724761879e-06
9.648765925185550835e-06
9.939037936920346630e-06
1.024604000253930236e-05
1.054400937240473085e-05
1.084734823142469008e-05
1.113170291037035356e-05
1.141265768093520127e-05
1.166949764467258414e-05
1.192108175227108693e-05
1.215185998122769861e-05
1.238471959219485242e-05
1.260886117097390415e-05
1.284954688923759582e-05
1.309770928821194861e-05
1.337691169411114094e-05
1.367504239980096759e-05
1.400929069560901720e-05
1.436070441133229146e-05
1.473820299022565702e-05
1.511667635351058100e-05
1.550052699933858477e-05
1.586501946914949278e-05
1.621851023764271462e-05
1.654530326659192822e-05
1.686450520881412434e-05
1.717211536847043716e-05
1.749501565270173781e-05
1.783193043492053886e-05
1.820414668290275294e-05
1.859861891898313539e-05
1.902008435391295128e-05
1.944073507956214437e-05
1.985645685303973732e-05
2.024215335745045723e-05
2.060713056940323496e-05
2.094765539943245340e-05
2.129274124025232938e-05
2.164864936308973821e-05
2.203722077949028362e-05
2.244273270319496074e-05
2.285855721456516240e-05
2.324987995492689785e-05
2.361152206365807609e-05
2.393352344780966660e-05
2.424533490725095836e-05
2.456069746691194879e-05
2.490304416606109963e-05
2.525169540221406644e-05
2.558874727790098956e-05
2.587780559915429330e-05
2.612626054013643886e-05
2.634796319606388988e-05
2.658256933241089776e-05
2.682638232484916850e-05
2.706255642863938685e-05
2.724611525103133711e-05
2.737971895699549700e-05
2.748435348457873193e-05
2.760308416886711377e-05
2.772072637752423616e-05
2.780558987994883406e-05
2.782487725552818217e-05
2.781656208479889764e-05
2.781430975498490815e-05
2.782065975694926263e-05
2.777921305301900631e-05
2.768945068772879066e-05
2.759236192948541144e-05
2.752452366613246975e-05
2.743386606695369427e-05
2.730119415161677221e-05
2.716824946465706299e-05
2.707992784566926341e-05
2.697822839356524825e-05
2.685416136770793366e-05
2.676466320199767646e-05
2.672495504656174602e-05
2.666538602766821490e-05
2.663262856322919117e-05
2.666644921356071959e-05
2.671365783842052336e-05
2.677191478181124623e-05
2.691507047096282812e-05
2.706736360428967588e-05
2.724524277686993820e-05
2.749336878699225602e-05
2.774382245211863877e-05
2.802193019464153281e-05
2.835223975271882984e-05
2.865029711241492380e-05
2.900507728426257142e-05
2.932755911450583868e-05
2.966101746234830534e-05
2.998551021386201270e-05
3.027967812533002449e-05
3.057592166422649704e-05
3.082685265710461629e-05
3.108009108593703159e-05
3.129355285049835223e-05
3.151071952818109757e-05
3.170452656421678334e-05
3.190968664785449020e-05
3.211149391147379083e-05
3.233568715133811684e-05
3.257348124904011800e-05
3.284129985219441780e-05
3.313039120351141478e-05
3.344761175947018263e-05
3.378121080437449956e-05
3.413015400702065777e-05
3.448071367999762886e-05
3.482858595074877692e-05
3.516255226863451694e-05
3.548126001099149849e-05
3.578092463178391883e-05
3.606724770194889645e-05
3.634485451943262696e-05
3.662471578114263670e-05
3.691445795023590512e-05
3.722275247186083248e-05
3.755151447899303152e-05
3.789988597854128204e-05
3.826014648998799639e-05
3.862326044851609262e-05
3.897855733757185772e-05
3.931972027534549858e-05
3.964496280172728955e-05
3.995961990138116430e-05
4.027296148466859879e-05
4.059575331583846724e-05
4.093494020259292980e-05
4.129097537726310097e-05
4.165693232317337123e-05
4.202160652371195426e-05
4.237497658402387171e-05
4.271324770639070714e-05
4.304152007679227723e-05
4.337057651573869902e-05
4.371114896937405641e-05
4.406622622395791629e-05
4.442958244696530994e-05
4.478868197915831156e-05
4.513457335149016465e-05
4.546757123782534934e-05
4.579846025566375182e-05
4.613843389716917523e-05
4.649059291741416489e-05
4.684531824163869229e-05
4.719038189331645655e-05
4.752140882525207502e-05
4.784805967919172350e-05
4.818220685665822037e-05
4.852596666669706075e-05
4.886716030001432234e-05
4.919548382183936883e-05
4.951401387068116812e-05
4.983684672577053430e-05
5.016771146953649283e-05
5.049577494890140612e-05
5.080995548578879088e-05
5.111788607173890217e-05
5.143171380820141952e-05
5.174874586576063345e-05
5.205421134642848336e-05
5.234985559580843871e-05
5.264879864450719101e-05
5.295065298439940733e-05
5.324043948604962223e-05
5.352197625266419666e-05
5.380748521941511824e-05
5.409046186792155889e-05
5.435953595939279194e-05
5.462759577328178673e-05
5.489685795137395062e-05
5.515402298988112458e-05
5.540483118211957141e-05
5.565836910270045189e-05
5.589928219609898222e-05
5.613442177651590929e-05
5.636953157069237276e-05
5.659220023308229468e-05
5.681081541004910645e-05
5.702643109450914258e-05
5.722860044286333251e-05
5.743190904241065448e-05
5.762286668543831279e-05
5.780994382229027583e-05
5.798989871270472272e-05
5.816118458825423541e-05
5.832799736852685722e-05
5.848390144579718094e-05
5.863571448050618862e-05
5.877600201765735707e-05
5.891157760565905450e-05
5.903595692715417478e-05
5.915421280373477417e-05
5.926233672465448278e-05
5.936296111149357870e-05
5.945383780051786640e-05
5.953662460596988529e-05
5.960940045007287306e-05
5.967391074714993311e-05
5.972814331299274753e-05
5.977359136333718336e-05
5.980898632523240607e-05
5.983490956564926959e-05
5.985077035300492208e-05
5.985690720923719430e-05
5.985262603903908579e-05
5.983860228072721568e-05
5.981384881646448139e-05
5.977906528000342647e-05
5.973359861161778631e-05
5.967770152530060341e-05
5.961109089819207897e-05
5.953389552571502618e-05
5.944577070014318767e-05
5.934707020566720693e-05
5.923724752126393803e-05
5.911672103961255976e-05
5.898512509865961315e-05
5.884264397409103589e-05
5.868911283697728353e-05
5.852463284514410399e-05
5.834904118357606021e-05
5.816259243568068927e-05
5.796501233858460637e-05
5.775660337129123100e-05
5.753717880111218946e-05
5.730692859281007065e-05
5.706581637824229372e-05
5.681397443722788118e-05
5.655136828916341551e-05
5.627823299662803257e-05
5.599449724850476132e-05
5.570043711884216560e-05
5.539602421470178660e-05
5.508147464469995770e-05
5.475686119901276009e-05
5.442238145109312599e-05
5.407812241769598848e-05
5.372434087766507320e-05
5.336113013804667365e-05
5.298878148168403331e-05
5.260738493148906089e-05
5.221720771473057292e-05
5.181842627105919934e-05
5.141132705043770245e-05
5.099608768630996573e-05
5.057299577905883593e-05
5.014227379849340113e-05
4.970424312763334552e-05
4.925911695532380003e-05
4.880721267501565523e-05
4.834876501092192529e-05
4.788415615234332522e-05
4.741360577641138879e-05
4.693746102041480432e-05
4.645603449499951875e-05
4.596965208161840415e-05
4.547861716110048450e-05
4.498328451384753284e-05
4.448391638915917052e-05
4.398096501521186688e-05
4.347469030702831328e-05
4.296543733646784110e-05
4.245359316088170810e-05
4.193945279639301735e-05
4.142339035010788196e-05
4.090572605929938225e-05
4.038675383633537759e-05
3.986694063816673724e-05
3.934652765546788170e-05
3.882587884313399722e-05
3.830536174586619250e-05
3.778524331199182944e-05
3.726590250411181159e-05
3.674761929622976872e-05
3.623064689198569476e-05
3.571544965610305510e-05
3.520221638511798014e-05
3.469126840940273988e-05
3.418293722640447545e-05
3.367740752392820743e-05
3.317504562726190389e-05
3.267604688900612272e-05
3.218059715521604994e-05
3.168912534203635910e-05
3.120172694880731103e-05
3.071867232366660814e-05
3.024020200774381006e-05
2.976641312861234671e-05
2.929763211715401093e-05
2.883394184998758520e-05
2.837545341904146412e-05
2.792252215110985710e-05
2.747514115293752057e-05
2.703350538584162207e-05
2.659774573169100469e-05
2.616786914899266428e-05
2.574415554569346157e-05
2.532656389338867303e-05
2.491511845961594102e-05
2.451009821889557584e-05
2.411138971680890338e-05
2.371912202330255550e-05
2.333331289314627998e-05
2.295387623170797175e-05
2.258105891622687030e-05
2.221469652608411163e-05
2.185473802270725241e-05
2.150139337528371864e-05
2.115444673829748579e-05
2.081398254842589993e-05
2.047991501338156667e-05
2.015207725450775264e-05
1.983069993549949788e-05
1.951550953289021386e-05
1.920641210125537471e-05
1.890355854793981802e-05
1.860663861148853754e-05
1.831572918289276427e-05
1.803066648872423476e-05
1.775121562075057357e-05
1.747761621209603417e-05
1.720951291595191647e-05
1.694679879168042459e-05
1.668957695566993169e-05
1.643747523056545283e-05
1.619058882963728691e-05
1.594869428359648567e-05
1.571152023600822255e-05
1.547933172716713375e-05
1.525171612466996882e-05
1.502859296262979872e-05
1.481001662784385058e-05
1.459559871596274629e-05
1.438546868846503599e-05
1.417936458505331723e-05
1.397700579926028786e-05
1.377869017821576433e-05
1.358397224432184667e-05
1.339281986564615938e-05
1.320524713337846871e-05
1.302087085903110007e-05
1.283987707308202904e-05
1.266197560577922074e-05
1.248690304590402277e-05
1.231498845341794827e-05
1.214576986908093368e-05
1.197926798352018604e-05
1.181546464904148829e-05
1.165399889053676958e-05
1.149512851428083224e-05
1.133853404543682388e-05
1.118398466624284948e-05
1.103183089305468035e-05
1.088160674111252486e-05
1.073339480356292995e-05
1.058714433313195886e-05
1.044252418181038174e-05
1.029986606481215889e-05
1.015882375308735718e-05
1.001920823983205535e-05
9.881373716113718309e-06
9.744864224702755602e-06
9.609830650890744817e-06
9.476192898265896637e-06
9.343650743112844848e-06
9.212592965993608927e-06
9.082654620167972148e-06
8.953704896852031611e-06
8.826084310242679302e-06
8.699354833653334343e-06
8.573730360470689201e-06
8.449111630408735082e-06
8.325232908847950155e-06
8.202513095519052040e-06
8.080580955130794410e-06
7.959382337161965577e-06
7.839221125418318787e-06
7.719682719562016168e-06
7.601040237622677532e-06
7.483194947713308653e-06
7.365915068738492545e-06
7.249627038124245382e-06
7.133988858984824705e-06
7.019027876233712435e-06
6.905007139404513839e-06
6.791588502497522081e-06
6.679079112487950023e-06
6.567390583446473863e-06
6.456338446105383858e-06
6.346290927299041098e-06
6.236894262907421414e-06
6.128166375350142815e-06
6.020188061880391829e-06
5.912594900547176157e-06
5.805542941595712725e-06
5.698839000137717804e-06
5.592258186049521312e-06
5.486047595978484451e-06
5.379906360736736693e-06
5.273943256064297233e-06
5.168285690895542208e-06
5.062809927782599313e-06
4.957821102739876385e-06
4.853346014750106146e-06
4.749421523216139985e-06
4.646396763108923678e-06
4.544191332380589635e-06
4.443029971779763333e-06
4.343062660318489942e-06
4.244258983199207047e-06
4.146857217326088388e-06
4.050856734360101243e-06
3.956269983871954126e-06
3.863272190207879726e-06
3.771748933331071062e-06
3.681801317297363264e-06
3.593445746454870570e-06
3.506603039976470731e-06
3.421347167436335326e-06
3.337609053742270370e-06
3.255356578006292637e-06
3.174618716247289345e-06
3.095279322430225387e-06
3.017361261376459224e-06
2.940833605573110226e-06
2.865628225440919121e-06
2.791741765705539144e-06
2.719126485137822191e-06
2.647763126386502137e-06
2.577633180627056984e-06
2.508683118346744977e-06
2.440904597487666778e-06
2.374281415082862163e-06
2.308800241454078430e-06
2.244432453162052589e-06
2.181173458229238919e-06
2.119020617400273989e-06
2.057943118354392813e-06
1.997952865814992428e-06
1.939028696455363537e-06
1.881175565490232673e-06
1.824411777705281034e-06
1.768690091412187464e-06
1.714042807008424569e-06
1.660473689585920198e-06
1.607950502850878176e-06
1.556513039568314445e-06
1.506130048054289322e-06
1.456816193999843354e-06
1.408591863146367688e-06
1.361404443030644300e-06
1.315302861227655385e-06
1.270273957671604813e-06
1.226291853248302629e-06
1.183397265700071567e-06
1.141540111200518238e-06
1.100735109863373154e-06
1.061006006926623829e-06
1.022296526377355123e-06
9.846367004830158809e-07
9.480126905751923811e-07
9.123966006528411073e-07
8.778131639749359638e-07
8.442171673762175371e-07
8.116144115563684690e-07
7.799973853228101722e-07
7.493262441579359444e-07
7.196300333684621442e-07
6.908649413264315792e-07
6.630152518917275890e-07
6.360851928689227166e-07
6.100349095453149247e-07
5.848529210629811421e-07
5.605390045798936868e-07
5.370443870693051644e-07
5.143831172487519329e-07
4.925289925465270188e-07
4.714438003067207535e-07
4.511365528305494093e-07
4.315650721660402257e-07
4.127179362747770477e-07
3.945778501233159928e-07
3.771313910155276553e-07
3.603546861978921741e-07
3.442200086180974353e-07
3.287301155397999092e-07
3.138358098320524290e-07
2.995470656175068177e-07
2.858347494620850412e-07
2.726658057261127425e-07
2.600508854123971381e-07
2.479532952311128155e-07
2.363650215974757686e-07
2.252566828193635055e-07
2.146152823056111652e-07
2.044383147277964318e-07
1.946957464965267071e-07
1.853755506264467086e-07
1.764549216982766294e-07
1.679360385571787306e-07
1.597988923963555341e-07
1.520117012985852538e-07
1.445713474660278324e-07
1.374778860274050284e-07
1.307046899276255794e-07
1.242329486491475167e-07
1.180686662368019333e-07
1.121796863240731134e-07
1.065744762065146047e-07
1.012324248519664566e-07
9.611512345161442945e-08
9.127091861498239919e-08
8.664451003527663454e-08
8.222683292348550423e-08
7.805039302131143859e-08
7.404273129136582132e-08
7.025100949300400376e-08
6.664551923844161650e-08
6.318328431484238662e-08
5.993021608067873414e-08
5.681581354711337124e-08
5.385295702511459511e-08
5.106024322852475437e-08
4.837640787911808206e-08
4.584931247860181478e-08
4.344628397672225936e-08
4.114140502575075219e-08
3.898365316052834622e-08
3.691668830658757759e-08
3.495873979935398717e-08
3.311033484484523051e-08
3.133805080925312895e-08
2.967441501953861636e-08
2.809232038982001120e-08
2.657826826465594488e-08
2.516173594384473561e-08
2.380661830849390589e-08
2.252670459667200320e-08
2.131655301397259397e-08
2.015825557548885802e-08
1.907556549907883878e-08
1.804596088091909795e-08
1.705999668189979183e-08
1.613986261023322355e-08
1.525938388219991311e-08
1.443028883176612302e-08
1.364669429855808841e-08
1.289391331440451161e-08
1.219664002246208724e-08
1.153268573454168811e-08
1.089510076469365339e-08
1.030512929726850915e-08
9.736444013981732531e-09
9.203792242264928225e-09
8.701210018392194226e-09
8.212930228820947592e-09
7.767286183221213264e-09
7.340562019581189393e-09
6.929993769809986702e-09
6.555899222687811643e-09
6.190255256140093672e-09
5.851956178383275148e-09
5.533793263691865293e-09
5.219316212267446812e-09
4.937489596691945450e-09
4.664091700136808119e-09
4.400552245742703593e-09
4.163000310754636596e-09
3.926649530062797542e-09
3.711379591295023723e-09
3.509354029373390882e-09
3.307105730093165323e-09
3.130453477834895147e-09
2.956410857921819796e-09
2.790447979263411498e-09
2.641711487538929838e-09
2.491451538407076321e-09
2.356485014492988970e-09
2.229179440429769480e-09
2.099844017692001253e-09
1.988731232605902152e-09
1.876931158912877309e-09
1.771403890793877559e-09
1.676768820469392228e-09
1.579873838934385184e-09
1.494430076031263235e-09
1.413443066332015906e-09
1.330926673542968964e-09
1.261188121812484415e-09
1.190037210569793788e-09
1.123907778434676429e-09
1.064367197023206780e-09
1.002794812378406819e-09
9.494278543389935172e-10
8.982192355940423732e-10
8.460596783634178783e-10
8.023673635660777955e-10
7.571550568981848027e-10
7.158068277435046163e-10
6.783232238520919800e-10
6.393123312774605937e-10
6.060294577933169401e-10
5.736097314262507485e-10
5.407208737125525612e-10
5.131720179669058595e-10
4.842469646171374704e-10
4.580818846430157881e-10
4.341012394822330914e-10
4.090139890677967702e-10
3.878306067782072237e-10
3.669124883397233016e-10
3.459868474969053411e-10
3.283806516289061456e-10
3.098342692461463645e-10
2.932664013757012942e-10
2.780067672576543074e-10
2.620120619497875743e-10
2.486558553016951443e-10
2.352581652618015436e-10
2.220902926569410453e-10
2.108795755076559607e-10
1.990859863874229683e-10
1.885853094292155588e-10
1.788709427405769345e-10
1.686972861660410695e-10
1.602333869170576395e-10
1.516117677583110017e-10
1.433176537562159459e-10
1.361230887241734036e-10
1.285861582927845173e-10
1.219059369013628181e-10
1.156762151590078960e-10
1.092027296595271679e-10
1.037713712616974993e-10
9.823497009567596774e-11
9.297432349700229221e-11
8.831313827518912677e-11
8.349696426838738462e-11
7.921868209064064267e-11
7.517972222336183619e-11
7.104649484088353957e-11
6.754998720669120072e-11
6.395063174341703890e-11
6.060597775148700349e-11
5.756951143748947036e-11
5.447821112082257252e-11
5.171046145980622757e-11
4.909956910202687408e-11
4.644446965274549980e-11
4.416307118663955468e-11
4.184085321037048856e-11
3.968094729093853984e-11
3.770251845506107984e-11
3.569658740860772989e-11
3.391146928275230912e-11
3.219379664074118655e-11
3.049207658859161498e-11
2.899738731098284934e-11
2.748532227392033418e-11
2.609108612361844019e-11
2.478872072446774788e-11
2.349323124077980259e-11
2.232261371952473892e-11
2.119870720233565296e-11
2.009021366695846995e-11
1.910700729361641805e-11
1.811493312672411220e-11
1.719892059300565794e-11
1.634181229473915183e-11
1.548846607981487001e-11
1.471721154511404096e-11
1.397125522873547944e-11
1.324533340474289087e-11
1.258729911182698980e-11
1.193292387744998601e-11
1.132540895087307672e-11
1.075106954398595942e-11
1.018671127899991571e-11
9.670120465720928478e-12
9.167209637658559643e-12
8.685917484040563035e-12
8.238199142289745799e-12
7.798974697222574006e-12
7.387971823209350586e-12
6.995739392160832249e-12
6.614488619175081403e-12
6.259217332611664431e-12
5.914449763162338997e-12
5.583433524102481353e-12
5.273297631064714979e-12
4.969180287792122994e-12
4.681389772817454448e-12
4.407815591688575617e-12
4.140183470319139830e-12
3.889291393929297534e-12
3.645400772479218216e-12
3.411754411360072819e-12
3.189961608328103264e-12
2.974465048558115864e-12
2.769981069804711309e-12
2.573950762338454604e-12
2.385725186635813781e-12
2.207119874467148585e-12
2.035669190708411336e-12
1.873529879649580530e-12
1.718927795019110706e-12
1.573047654891306475e-12
1.435416152643193604e-12
1.306118254753741238e-12
1.185806212573803057e-12
1.073502646021704061e-12
9.700219796145511138e-13
8.755394624802372456e-13
7.892632383542332781e-13
7.122364645146989320e-13
6.431984506729532716e-13
5.826825606432601948e-13
5.306912218270617251e-13
4.858055705888267362e-13
4.484331437845804167e-13
4.175736785532669154e-13
3.925228896851854287e-13
3.730301766098093671e-13
3.572530965507492771e-13
3.448360497858472759e-13
3.350117686833557327e-13
3.260006398884895105e-13
3.176151181144179474e-13
3.085686147456377662e-13
2.981090278181017790e-13
2.862359673158226979e-13
2.716462592218065142e-13
2.549397733552844294e-13
2.363513899578334911e-13
2.155893978429423508e-13
1.941046569020896029e-13
1.721749807760563417e-13
1.507792507068978896e-13
1.314279144048849026e-13
1.140508104207795901e-13
1.000260257134801404e-13
8.974270314609547818e-14
8.268148308692343348e-14
7.928587375861731654e-14
7.828585251088385612e-14
7.885128127597938049e-14
8.025815533501380368e-14
8.059793504698049567e-14
7.953870139137181317e-14
7.629662508222974605e-14
7.046263831234678880e-14
6.288542579308023276e-14
5.398973808446675952e-14
4.505452417107175188e-14
3.754271751098921426e-14
3.190412104619299162e-14
2.909471172694736811e-14
2.880329052537822823e-14
3.013400870343458776e-14
3.217248570555233819e-14
3.331285598376290345e-14
3.265533250538757999e-14
3.001218390955812053e-14
2.545071210888727478e-14
2.041653423535663424e-14
1.612276554427493102e-14
1.362607749392408325e-14
1.345750654610956310e-14
1.481920794670232716e-14
1.651330789249800349e-14
1.723323267674321427e-14
1.594851229317077481e-14
1.313301415115228127e-14
9.854062231328731493e-15
7.570250291278417181e-15
7.243656363195250050e-15
8.393615518103138321e-15
9.767347672643177928e-15
9.973767172421055997e-15
8.404252955967808778e-15
6.069117144380331636e-15
4.435562564269079517e-15
4.449606691383599651e-15
5.660858494797079458e-15
6.434732400510568823e-15
5.735088852568367895e-15
4.019100654877758953e-15
2.772218932691023167e-15
3.053643689672205203e-15
4.080267700005904580e-15
4.263611379550841160e-15
3.159793003884834539e-15
1.962569825121954633e-15
2.043616952747424271e-15
2.912236331946423206e-15
2.950347080176760893e-15
1.928766688388731669e-15
1.291310631668438998e-15
1.815220098067576273e-15
2.287222624173730166e-15
1.621503258614213200e-15
9.512736558426916951e-16
1.343545731134679076e-15
1.715609252816663185e-15
1.111423441989052222e-15
7.271789503504354894e-16
1.201055844189525878e-15
1.199671433786011466e-15
5.970933769769379756e-16
7.767263176031275632e-16
1.034079676362459312e-15
5.554748857120009443e-16
5.565304892315544240e-16
8.419315962989175256e-16
4.400042000194956459e-16
4.851848027332917587e-16
6.530588330710581042e-16
3.193526209398933783e-16
4.725104111234142371e-16
4.595915531135448087e-16
2.509691116854712626e-16
4.701283810394025420e-16
2.298174138687267487e-16
3.428215772918897953e-16
2.773285368291724857e-16
2.288097978860079834e-16
2.871110242333277386e-16
1.716442872452645682e-16
2.590978020385313695e-16
1.478644289337563638e-16
2.197911735037127725e-16
1.343487026461159140e-16
1.837391566697377838e-16
1.220050394245752145e-16
1.543211206714729855e-16
1.092720468514277391e-16
1.307582704133217185e-16
9.666232458783280110e-17
1.116269399135818756e-16
8.477882655956874899e-17
9.580276380739502376e-17
7.394464567893596204e-17
8.251793824293224931e-17
6.426125808698140651e-17
7.125037192519407922e-17
5.570757129457335580e-17
6.162949229891041426e-17
4.820544586279077877e-17
5.337847493838335790e-17
4.165509196639979515e-17
4.628138010039259724e-17
3.595267596029746641e-17
4.016431570053133782e-17
3.099859446755393646e-17
3.488414246871314090e-17
2.670104285858494737e-17
3.032127902802055049e-17
2.297724345843455613e-17
2.637482338385039690e-17
1.975352467883054564e-17
2.295905387097065390e-17
1.696485395335436412e-17
2.000080067294669368e-17
1.455413314385305346e-17
1.743739860608043791e-17
1.247141496498578331e-17
1.521504912941764536e-17
1.067312131709062152e-17
1.328748354173514297e-17
9.121303716391262382e-18
1.161485597518184545e-17
7.782963663693680128e-18
1.016281713341973881e-17
6.629439306609266426e-18
8.901733181024731609e-18
5.635858291599540759e-18
7.806023482197202788e-18
4.780653381177221298e-18
6.853596453706720492e-18
4.045136194956160074e-18
6.025368034885159238e-18
3.413123476356286420e-18
5.304849250858879929e-18
2.870610740202297206e-18
4.677792747715283886e-18
2.405487548829941880e-18
4.131889397971472338e-18
2.007290252439096909e-18
3.656507858539922213e-18
1.666987238515269839e-18
3.242470993188447803e-18
1.376793193685975102e-18
2.881863918328047867e-18
1.130008611793318265e-18
2.567869669074190741e-18
9.208817596428871194e-19
2.294628622388267388e-18
7.444902782361170864e-19
2.057118657964606712e-18
5.966402845566832365e-19
1.851053720456735744e-18
4.737809086594380887e-19
1.672798313951780845e-18
3.729328350938919807e-19
1.519296476256435619e-18
2.916293102392415421e-19
1.388013630564349940e-18
2.278686832403082013e-19
1.276890308493626730e-18
1.800775634065683353e-19
1.184306748496308342e-18
1.470840984620075117e-19
1.109057950030147365e-18
1.281008533197945766e-19
1.050338720809682341e-18
1.227172659395421822e-19
