# bin_2_2
2.845644029984240214e-08
9.066927351662037689e-09
2.690299408942216573e-08
8.699719864771626951e-09
2.582993139236522054e-08
8.753966059540982527e-09
2.523720642689404307e-08
9.239974497624291454e-09
2.513720405482161765e-08
1.018043416445959134e-08
2.555547052805551359e-08
1.161134498561076940e-08
2.653176891077095672e-08
1.358328015657327584e-08
2.812148215106976108e-08
1.616300120852132111e-08
3.039738514297670423e-08
1.943545143803895260e-08
3.345181088902740449e-08
2.350615184587983499e-08
3.739923402239648226e-08
2.850402261212807476e-08
4.237929229931963141e-08
3.458464756651311011e-08
4.856025767264559092e-08
4.193398789385955172e-08
5.614295675515607862e-08
5.077253511946133946e-08
6.536511849070824350e-08
6.135986935685809365e-08
7.650609828741381191e-08
7.399955068555227972e-08
8.989188312919953119e-08
8.904422349504741482e-08
1.059002272486162319e-07
1.069007467823591269e-07
1.249656894876522919e-07
1.280350752009481662e-07
1.475842456817820555e-07
1.529765070051546643e-07
1.743170251246227894e-07
1.823207740884368664e-07
2.057925693310447421e-07
2.167312868739764454e-07
2.427068300018235258e-07
2.569376514829889586e-07
2.858199199253936841e-07
3.037303626798442840e-07
3.359484069745498155e-07
3.579503510478835155e-07
3.939517208611039607e-07
4.204718501589364084e-07
4.607110454751935101e-07
4.921768833549021724e-07
5.370989479166506948e-07
5.739196037819576121e-07
6.239380041393455751e-07
6.664788312969617749e-07
7.219469166736476975e-07
7.704975158421751697e-07
8.316731894799958457e-07
8.864086488545484855e-07
9.534124756328558923e-07
1.014348488951791330e-06
1.087116394655739137e-06
1.154060028756770729e-06
1.232293087976227978e-06
1.304792537268287857e-06
1.387908145340787705e-06
1.465206836742496151e-06
1.552297798271940566e-06
1.633300626678781752e-06
1.723111235641195956e-06
1.806373301900762581e-06
1.897304022704890450e-06
1.981054578614540778e-06
2.071208887555711121e-06
2.153424537116838841e-06
2.240711951286777657e-06
2.319252434573260471e-06
2.401559491582553394e-06
2.474375189058774422e-06
2.549809627353493964e-06
2.615220695660161989e-06
2.682421801377147484e-06
2.739453253029754075e-06
2.797942311721552843e-06
2.846676996032120951e-06
2.897196500984133685e-06
2.939080501721991662e-06
2.983842421943132816e-06
3.021849936833846236e-06
3.064589219883511924e-06
3.103136252343338653e-06
3.148858083173430130e-06
3.193360893245186510e-06
3.247695582255324647e-06
3.303718304692726554e-06
3.371873001146717182e-06
3.443913452750020419e-06
3.529344020207645728e-06
3.619467428981894395e-06
3.722573908514529690e-06
3.829291382665834167e-06
3.946616308004541698e-06
4.064545226303460727e-06
4.189029463677583034e-06
4.309850615667205441e-06
4.432548580863411977e-06
4.547464114280849158e-06
4.660636016091679561e-06
4.763879186955824083e-06
4.864589083582801312e-06
4.956680975719051809e-06
5.049215245161481758e-06
5.138037473353891703e-06
5.233193462240450984e-06
5.331220273255072160e-06
5.441476357947494455e-06
5.559230114954088423e-06
5.691232964002799835e-06
5.829926490144772362e-06
5.978675764210592506e-06
6.127375092104339050e-06
6.277541666544269263e-06
6.419202429207062827e-06
6.555501101654323457e-06
6.680152088478182983e-06
6.800712838264056743e-06
6.915674355059881796e-06
7.035785538766953069e-06
7.160632413564619717e-06
7.298667430633176513e-06
7.444622999152558198e-06
7.600158285516216470e-06
7.753923262498164950e-06
7.903941129009649664e-06
8.039948992979482366e-06
8.165471738036644947e-06
8.278986836011086766e-06
8.392100018930316130e-06
8.507364363866693076e-06
8.633436511997976963e-06
8.763824037773250986e-06
8.895496153661709465e-06
9.014103380917574482e-06
9.117205429920117313e-06
9.200631305220869773e-06
9.276149630729174075e-06
9.349299531385519099e-06
9.429384508979569895e-06
9.507810939706211841e-06
9.576931376354158078e-06
9.621703902790894672e-06
9.644880783563157517e-06
9.652049360604088218e-06
9.659235205693846515e-06
9.664851994269784782e-06
9.661789959538827382e-06
9.631568511424932764e-06
9.575149588391645075e-06
9.501184321216129733e-06
9.427303745998110449e-06
9.347404977681666088e-06
9.248556287426760813e-06
9.117538761307859049e-06
8.970140733873672290e-06
8.820548758203405356e-06
8.670165809899264782e-06
8.496372361783869370e-06
8.299483382702866219e-06
8.096999998063469803e-06
7.904627865815949650e-06
7.701835943908673379e-06
7.481598062877637554e-06
7.262004990590024292e-06
7.062445504368832268e-06
6.860160555191167014e-06
6.652479580586167428e-06
6.463806290666938923e-06
6.301364573156791362e-06
6.137509686441381124e-06
5.992213220849578369e-06
5.882496928588873273e-06
5.787065784645464951e-06
5.705300053424122435e-06
5.667617097451626356e-06
5.642791920245994371e-06
5.637177264852445176e-06
5.668419979121837604e-06
5.707718371969433701e-06
5.764267224297152420e-06
5.846750338669748663e-06
5.918937504652935221e-06
6.015696121308224773e-06
6.098810267878246143e-06
6.184463776667021219e-06
6.263039455934824186e-06
6.324656173973764248e-06
6.381812923478869240e-06
6.414754531530781652e-06
6.443142381103781531e-06
6.450374897699026643e-06
6.455360533394786747e-06
6.448495501696977518e-06
6.445708666426724039e-06
6.442795054318520406e-06
6.451959489573478705e-06
6.470992768220165449e-06
6.507451243659293398e-06
6.557995915335624356e-06
6.624905114198455167e-06
6.702227682379886876e-06
6.787783787775657077e-06
6.873969426899003089e-06
6.956966665787230877e-06
7.030567723207246080e-06
7.093187778068173066e-06
7.143231670328778767e-06
7.183846983696848510e-06
7.218658854460439540e-06
7.254275786951504494e-06
7.296049316190529753e-06
7.349129544068435277e-06
7.415043293921732331e-06
7.492875486752652395e-06
7.577917703659801670e-06
7.664138508670253312e-06
7.744978359818705964e-06
7.816302844565173170e-06
7.877278525777981844e-06
7.931305016403641871e-06
7.984558877682639496e-06
8.043864794932158228e-06
8.113773635718175842e-06
8.194454028466088938e-06
8.281533931465032716e-06
8.367803195756323768e-06
8.447004259811611795e-06
8.516807751527765249e-06
8.580676537710482530e-06
8.645591255589084317e-06
8.718487394779717812e-06
8.801238100289954881e-06
8.889847598383087665e-06
8.976312568428647580e-06
9.055017168390689010e-06
9.126320422360089741e-06
9.197254028168881971e-06
9.275044118749069648e-06
9.361645229873810127e-06
9.450898252334580154e-06
9.535017719817002012e-06
9.611363344890914349e-06
9.686236362007640327e-06
9.767316322045862791e-06
9.855903330779569268e-06
9.944219750010741519e-06
1.002573002820288183e-05
1.010258877510267489e-05
1.018387839771542384e-05
1.027200646931927439e-05
1.035998932550796062e-05
1.044086992971575378e-05
1.051965383877278532e-05
1.060421529463181357e-05
1.069275900894303300e-05
1.077590948528491735e-05
1.085489931704693494e-05
1.093825854689970074e-05
1.102566603919382602e-05
1.110760664350581062e-05
1.118664496251293098e-05
1.127072394312417129e-05
1.135561968885625334e-05
1.143419178113886965e-05
1.151478822419498520e-05
1.159887326027431672e-05
1.167798210643668099e-05
1.175600746531592471e-05
1.183870744482074289e-05
1.191635177464209558e-05
1.199353664043780799e-05
1.207392308063195900e-05
1.214955227667320378e-05
1.222606872589432246e-05
1.230396999472894518e-05
1.237671914076231694e-05
1.245377629601170481e-05
1.252629466521172039e-05
1.260000161531927053e-05
1.267278525059201811e-05
1.274363221285393861e-05
1.281556668349873058e-05
1.288427106925340390e-05
1.295447315792094351e-05
1.302137773625711525e-05
1.308940167108832374e-05
1.315448863646914346e-05
1.321991129835194511e-05
1.328310156848642953e-05
1.334588055422720893e-05
1.340674724882730913e-05
1.346693465731330606e-05
1.352519114303528344e-05
1.358272420191555665e-05
1.363827361132219315e-05
1.369285001632899666e-05
1.374568147390919202e-05
1.379719914690097104e-05
1.384702714333497828e-05
1.389546929963614451e-05
1.394206115665915682e-05
1.398731419985878156e-05
1.403057009478197585e-05
1.407235156940551714e-05
1.411223251549765945e-05
1.415040283306634098e-05
1.418669115793508292e-05
1.422119858187933723e-05
1.425367461514529700e-05
1.428440237540435555e-05
1.431297344637597467e-05
1.433969385340705666e-05
1.436428031993807048e-05
1.438685029299377627e-05
1.440727283938056041e-05
1.442560218241621598e-05
1.444168008717556835e-05
1.445566355398633066e-05
1.446728643620202825e-05
1.447673956893272324e-05
1.448381908532550356e-05
1.448861247627193698e-05
1.449101478366814445e-05
1.449106035848003859e-05
1.448863645966505711e-05
1.448384045017108214e-05
1.447649725993586947e-05
1.446673039936019882e-05
1.445439384237004196e-05
1.443955083434270609e-05
1.442212412524213507e-05
1.440214067767092357e-05
1.437952287060743981e-05
1.435433372309319351e-05
1.432646139833549780e-05
1.429599075496200341e-05
1.426282468313913862e-05
1.422701532886277508e-05
1.418850769557780717e-05
1.414733276326234940e-05
1.410344119720015111e-05
1.405688436202970699e-05
1.400759823887790826e-05
1.395565192988665425e-05
1.390098506403619923e-05
1.384365059429451531e-05
1.378362221215724335e-05
1.372093877651941950e-05
1.365557805786884371e-05
1.358759805662440122e-05
1.351697183000246912e-05
1.344375668752951083e-05
1.336793447772701004e-05
1.328957096680959803e-05
1.320866046228014365e-05
1.312526318927343210e-05
1.303938652834890418e-05
1.295109009726104576e-05
1.286038533316721509e-05
1.276734535075582879e-05
1.267198157842058982e-05
1.257436501183518515e-05
1.247452313367098955e-05
1.237253513601373813e-05
1.226843270052582595e-05
1.216229689425503184e-05
1.205416598312033171e-05
1.194412601440953900e-05
1.183222222091346882e-05
1.171853865397391514e-05
1.160312474476898214e-05
1.148608443765699200e-05
1.136746869999623025e-05
1.124737126916231602e-05
1.112586258910428182e-05
1.100302776428538389e-05
1.087894611353224842e-05
1.075370920261229659e-05
1.062737997479502140e-05
1.050008487856729867e-05
1.037188366385152846e-05
1.024288266892565966e-05
1.011316497239936290e-05
9.982818780541788842e-06
9.851943077890018121e-06
9.720626747815887847e-06
9.588942937046949350e-06
9.457022109971242589e-06
9.324924005931990365e-06
9.192758083038632310e-06
9.060604654890143812e-06
8.928548669092841995e-06
8.796694282547512991e-06
8.665118071019267738e-06
8.533889160349309827e-06
8.403130922396492101e-06
8.272893465342990251e-06
8.143275982866356245e-06
8.014345702372503545e-06
7.886170238524744340e-06
7.758850709941563704e-06
7.632439275372999675e-06
7.506989999740528837e-06
7.382610142849052270e-06
7.259326483520018654e-06
7.137222625342009300e-06
7.016341694159778264e-06
6.896725013063328807e-06
6.778462765363878487e-06
6.661574945539513346e-06
6.546096112038152241e-06
6.432109586199447086e-06
6.319611338768252812e-06
6.208667096440930223e-06
6.099291309197999789e-06
5.991495197760672417e-06
5.885354872606795981e-06
5.780856532709290432e-06
5.678014530396854922e-06
5.576884633344641161e-06
5.477432986999287409e-06
5.379707687910531582e-06
5.283693642617824491e-06
5.189374780963003002e-06
5.096814124884308374e-06
5.005966955719255166e-06
4.916833131306359209e-06
4.829440115221085571e-06
4.743731820891582452e-06
4.659742348581871323e-06
4.577430789868011608e-06
4.496760032438311331e-06
4.417783369995410669e-06
4.340431622043084037e-06
4.264695707253624326e-06
4.190579421335621504e-06
4.118011317028550595e-06
4.047020077420949381e-06
3.977543916557961028e-06
3.909533095236300056e-06
3.843036352581095130e-06
3.777966852251472763e-06
3.714313171037387379e-06
3.652061119099995875e-06
3.591130716194927533e-06
3.531556069102940742e-06
3.473260123065098436e-06
3.416188079740273827e-06
3.360389509033953741e-06
3.305766447739258291e-06
3.252312021971411751e-06
3.199999440927084278e-06
3.148748376743165704e-06
3.098607431401325298e-06
3.049487294658520738e-06
3.001334505847480266e-06
2.954202543632352907e-06
2.907988578436056596e-06
2.862699159138532395e-06
2.818298714300872003e-06
2.774708985675179034e-06
2.731997455850620593e-06
2.690065937816202091e-06
2.648869926309015537e-06
2.608468440812623891e-06
2.568754843340163417e-06
2.529753316326830167e-06
2.491422950705189245e-06
2.453690029131879691e-06
2.416641544913489678e-06
2.380171036852408282e-06
2.344248802724450484e-06
2.308936342112083998e-06
2.274122769451672560e-06
2.239855061198910730e-06
2.206089486876517865e-06
2.172752428756707462e-06
2.139947853791915973e-06
2.107565414435925989e-06
2.075591650099669595e-06
2.044084279986286733e-06
2.012932779434229993e-06
1.982202849554185613e-06
1.951847320593994789e-06
1.921797649534087107e-06
1.892166748395394071e-06
1.862840938144110835e-06
1.833826483736392184e-06
1.805168097636984118e-06
1.776766636190416998e-06
1.748698497407618336e-06
1.720914812637185466e-06
1.693354667237282458e-06
1.666132541699184415e-06
1.639137697615492636e-06
1.612394747831429451e-06
1.585935563031669580e-06
1.559675344348629442e-06
1.533700647029384784e-06
1.507963695783003736e-06
1.482419844597051051e-06
1.457178060942953744e-06
1.432137511529113353e-06
1.407336581307745585e-06
1.382793005538150370e-06
1.358432100576251300e-06
1.334333379453776659e-06
1.310436718992554034e-06
1.286697077171834595e-06
1.263190745987392474e-06
1.239810413010905071e-06
1.216583244653100433e-06
1.193499933651195497e-06
1.170488818622756141e-06
1.147617243569008365e-06
1.124827708709164721e-06
1.102098546739087937e-06
1.079502959274038490e-06
1.056974602857783263e-06
1.034573442643547070e-06
1.012317827039008839e-06
9.901890785100879443e-07
9.682789732285084911e-07
9.465707539822535684e-07
9.250848835046358138e-07
9.038939940154730275e-07
8.829624693789873919e-07
8.623488250199756461e-07
8.420638792864618841e-07
8.220909566550963916e-07
8.024862397916856938e-07
7.832191862228076824e-07
7.642937539007866427e-07
7.457365221513905584e-07
7.275056202226204560e-07
7.096267842400850463e-07
6.920892353953982915e-07
6.748679289562228084e-07
6.579838745668226333e-07
6.414054172942621798e-07
6.251307144213749453e-07
6.091625060499381721e-07
5.934720441303758765e-07
5.780681422683788663e-07
5.629404792201301260e-07
5.480742252678392133e-07
5.334742911577580598e-07
5.191235372980430197e-07
5.050241758781559645e-07
4.911719302927277938e-07
4.775573725793780985e-07
4.641801284717692995e-07
4.510379677713055859e-07
4.381276144681567976e-07
4.254459445591963738e-07
4.129907220483931292e-07
4.007638364318771009e-07
3.887608954386050015e-07
3.769853018662958964e-07
3.654312284617004723e-07
3.541014675138462398e-07
3.429990054424426619e-07
3.321153813040361886e-07
3.214577242530711276e-07
3.110250765399139200e-07
3.008135619659847538e-07
2.908307175707147835e-07
2.810663812512892274e-07
2.715269595769350286e-07
2.622155522992633971e-07
2.531208878798592534e-07
2.442526454311653328e-07
2.356050637764713321e-07
2.271753303540463521e-07
2.189707935119370777e-07
2.109787375894055718e-07
2.032035940650322323e-07
1.956472931873415416e-07
1.882983144140382913e-07
1.811640454226321957e-07
1.742360717720793115e-07
1.675124800769691086e-07
1.609954853296123422e-07
1.546744638692589706e-07
1.485532536465685297e-07
1.426269167189500085e-07
1.368870740585768585e-07
1.313396772246398375e-07
1.259748537258798769e-07
1.207880225519635505e-07
1.157816601441287919e-07
1.109445581367180163e-07
1.062772264391643802e-07
1.017781931684058715e-07
9.743704916096028791e-08
9.325663556810835806e-08
8.922851239367296288e-08
8.534892343590107875e-08
8.161625389183760102e-08
7.802403420166410744e-08
7.457047974543590054e-08
7.124907825694664714e-08
6.806046885191399341e-08
6.499622218909243562e-08
6.205366490241753961e-08
5.923070698053494997e-08
5.651934918868183677e-08
5.392112911935285990e-08
5.143026825946160776e-08
4.904229409852310488e-08
4.675427674859350942e-08
4.456342061949201993e-08
4.246704291588708344e-08
4.045818487490860613e-08
3.853658243251004646e-08
3.669825172342364195e-08
3.494149904810603708e-08
3.326289371237878334e-08
3.165598598725898786e-08
3.012249200367749413e-08
2.865883444993198895e-08
2.726017234904575296e-08
2.592307674962504604e-08
2.464949614638038972e-08
2.343408038414832342e-08
2.227404158795491173e-08
2.116993021938285798e-08
2.011321588474580401e-08
1.911034469422709601e-08
1.815430919630533916e-08
1.723811041880063149e-08
1.637262020644699454e-08
1.554421995537260415e-08
1.475607538185821273e-08
1.400957367972943036e-08
1.329224842475595463e-08
1.261612097542704395e-08
1.197146753711709650e-08
1.135388124543702821e-08
1.077365278949902771e-08
1.021686563158045705e-08
9.689487300393562376e-09
9.190182815789200645e-09
8.710634129791735496e-09
8.260577089467665940e-09
7.831097604263831958e-09
7.420716178550773709e-09
7.035232229656134113e-09
6.665843351290606527e-09
6.317187543658316254e-09
5.986764386441802800e-09
5.670096873885093224e-09
5.373524545503392912e-09
5.090411279812063238e-09
4.820501164585868893e-09
4.566856864694068987e-09
4.324176962104591037e-09
4.095699847306509038e-09
3.879225654470909879e-09
3.671640989606046150e-09
3.478173738948897778e-09
3.293414365338900043e-09
3.117306080471109730e-09
2.952227418155238273e-09
2.793686776549623102e-09
2.645024237183348167e-09
2.504229568420964005e-09
2.368336128398605672e-09
2.243048958063323627e-09
2.123097916280399236e-09
2.009033501331858723e-09
1.902921122077016507e-09
1.800063608861134258e-09
1.704495692579454264e-09
1.613868719018206320e-09
1.525305014527650507e-09
1.444714347818631469e-09
1.366636182584645445e-09
1.292571567251045330e-09
1.224122751444766226e-09
1.156970801561600812e-09
1.095624091627435470e-09
1.037459862806383160e-09
9.801958599710223639e-10
9.291508100680630384e-10
8.790210438772964293e-10
8.318298355125342390e-10
7.883755711481601241e-10
7.449213798885395772e-10
7.058563959923262387e-10
6.684703013281232191e-10
6.312906169579201196e-10
5.985770556444738139e-10
5.658946946535925012e-10
5.354695480527186868e-10
5.074680267367849107e-10
4.791331225428595171e-10
4.541911462053673230e-10
4.301228458136199859e-10
4.061725165827203942e-10
3.853652172723872746e-10
3.642662883540037843e-10
3.449021964986836364e-10
3.270192167918172829e-10
3.087293256420095321e-10
2.929265532432259037e-10
2.774900996460088541e-10
2.621939940445758003e-10
2.490224397861406692e-10
2.354577235273674399e-10
2.231801117949748440e-10
2.117835119167126342e-10
2.000152642747463384e-10
1.899637770429969889e-10
1.799671450242744420e-10
1.701337718114706147e-10
1.616521967814074165e-10
1.528119003615991856e-10
1.448874017051778527e-10
1.375032884396959211e-10
1.298563082888203659e-10
1.233762833112674679e-10
1.168617312044067936e-10
1.105551183808203734e-10
1.050583694828862043e-10
9.933164311201597736e-11
9.423468055635358358e-11
8.946075291116352505e-11
8.452494433602954186e-11
8.035904540850116048e-11
7.611816536351414759e-11
7.209206598947044025e-11
6.850824789839380046e-11
6.481982828364259053e-11
6.152899594803139106e-11
5.843208901412444127e-11
5.524712105557820269e-11
5.255356950569647411e-11
4.978450312076088268e-11
4.720259369601811775e-11
4.486341400973912160e-11
4.247229641734593607e-11
4.033844085386758273e-11
3.831986145439131354e-11
3.626377153290021255e-11
3.450241677251573153e-11
3.270248574498315231e-11
3.102943753959989865e-11
2.949708317935905642e-11
2.793804849449811845e-11
2.655527581728125694e-11
2.522279048108318364e-11
2.389393301470165861e-11
2.273771528811220925e-11
2.155859170751731633e-11
2.047078155652591081e-11
1.946216140992637126e-11
1.844554030744185231e-11
1.753571624427475237e-11
1.666168130985946146e-11
1.579166926830113222e-11
1.502690059846345351e-11
1.424981793062360352e-11
1.353539293079155496e-11
1.286546452793307075e-11
1.219506213938466677e-11
1.159462122918364854e-11
1.100848305836479054e-11
1.043929487726203285e-11
9.925317002892507870e-12
9.410640827852065890e-12
8.934130201275920980e-12
8.485289095509532886e-12
8.039208770174359302e-12
7.635248394062084872e-12
7.240873659913124019e-12
6.858986113246920885e-12
6.510941912167839340e-12
6.162797478392274669e-12
5.839178193104518144e-12
5.532754892754530163e-12
5.229132620899438971e-12
4.951070285183174531e-12
4.679157533325913968e-12
4.417273021083145054e-12
4.173293910225745786e-12
3.932245702195312580e-12
3.706337118593005210e-12
3.489332873837828284e-12
3.277613526383229980e-12
3.080026124621464641e-12
2.886476490789568077e-12
2.701912457070505965e-12
2.526353107502171723e-12
2.355663616416100966e-12
2.193748225912157065e-12
2.038843909334768002e-12
1.888865249443844522e-12
1.748093105367691568e-12
1.612117434097422374e-12
1.482726818263449643e-12
1.361342984382128515e-12
1.244740496689780800e-12
1.135828835565509449e-12
1.033643838531545539e-12
9.373297301999158732e-13
8.490816010063297050e-13
7.667132685064121120e-13
6.914865797348795258e-13
6.235847117716774153e-13
5.620217229093025654e-13
5.076638295261078124e-13
4.597233357302131441e-13
4.183302412466737218e-13
3.830580850382865582e-13
3.534653084142981546e-13
3.291987945537218948e-13
3.095540338743381150e-13
2.941159739027011065e-13
2.818891946889926339e-13
2.722190993627935126e-13
2.646024722119323796e-13
2.576537393168657178e-13
2.511673083273940213e-13
2.441075729042441843e-13
2.359815408899754255e-13
2.265598944034368231e-13
2.151390128385233028e-13
2.019301573103775071e-13
1.871545112944331489e-13
1.707221159303610519e-13
1.536372100955593533e-13
1.361772662782493978e-13
1.192507299953868213e-13
1.037470933029366980e-13
9.002852840948509538e-14
7.888176486258371669e-14
7.069131667065483431e-14
6.517952833615830991e-14
6.249159423378853199e-14
6.175266189229325094e-14
6.232486250639141253e-14
6.341255542048818691e-14
6.381561834796079584e-14
6.298104513362272046e-14
6.042728778299058453e-14
5.582554750202500966e-14
4.978340220535970078e-14
4.269922980543253507e-14
3.562035122123813972e-14
2.958631469509525504e-14
2.515362301533287775e-14
2.290662966414003482e-14
2.270359949534610805e-14
2.379882694970607198e-14
2.544535385792357777e-14
2.637191628286106071e-14
2.588975106190065434e-14
2.375564739254565794e-14
2.015756085424538903e-14
1.612179522069392964e-14
1.271219180113433944e-14
1.072487734745680210e-14
1.060330935402555645e-14
1.169779641876793883e-14
1.307973544566713399e-14
1.364317538215158203e-14
1.264620166970203064e-14
1.038629212226644847e-14
7.780674310018017077e-15
5.956206020162019144e-15
5.704512739956863091e-15
6.625580863921695493e-15
7.741303518772246020e-15
7.897638082808394353e-15
6.661469538808940566e-15
4.786338744574743051e-15
3.492408756632784412e-15
3.502196766088409320e-15
4.479114012756789205e-15
5.096737933905484328e-15
4.548426409319434995e-15
3.168582260378830623e-15
2.184064669224496662e-15
2.402892210270522768e-15
3.234009272624889303e-15
3.377659163517957843e-15
2.501079005776048807e-15
1.540468760798548501e-15
1.613389688653829010e-15
2.302668209121965006e-15
2.342418367161465674e-15
1.519666859227625966e-15
1.016943644447935070e-15
1.432643814553051180e-15
1.815553216747081077e-15
1.279926909083250974e-15
7.496580544442747007e-16
1.058867137139873666e-15
1.363211008627102900e-15
8.753250245204558682e-16
5.734088311916713254e-16
9.491929168408593967e-16
9.524190484437223637e-16
4.673850622084869932e-16
6.155521343163393405e-16
8.177440954013632617e-16
4.397859584620597359e-16
4.368536631700565498e-16
6.694510878733649705e-16
3.449158712171291972e-16
3.845930217111623186e-16
5.161271694453069166e-16
2.527196473932717609e-16
3.722072223213383825e-16
3.655499228000306807e-16
1.955768346637641544e-16
3.743705401566601421e-16
1.792873548587488426e-16
2.728182075243632207e-16
2.178398594779964471e-16
1.818898323190491764e-16
2.261046154480810536e-16
1.364258090535510094e-16
2.040585946026755256e-16
1.176403289916959270e-16
1.729291686082046519e-16
1.070298031304463787e-16
1.443671524057578563e-16
9.732283970878907872e-17
1.210815995642160241e-16
8.727524431428928058e-17
1.024528480433467562e-16
7.730188374797980105e-17
8.734482663296454332e-17
6.788911681907013504e-17
7.486073012035983811e-17
5.929866898522864878e-17
6.438881844812413245e-17
5.161439207111668211e-17
5.551369569784216020e-17
4.482163830712215520e-17
4.794093986340581855e-17
3.885977227694992630e-17
4.145089260972904824e-17
3.365055448788489315e-17
3.587238609411207452e-17
2.911227500473667544e-17
3.106769484779434898e-17
2.516641010949686124e-17
2.692352186674329718e-17
2.174050693505205288e-17
2.334526336869006887e-17
1.876919068438591310e-17
2.025312491677142186e-17
1.619424841410163697e-17
1.757933896324807164e-17
1.396427282725148091e-17
1.526607696326446986e-17
1.203411333986703418e-17
1.326382459312839161e-17
1.036426179043273231e-17
1.153008277320003747e-17
8.920237954855642479e-18
1.002830804226802238e-17
7.672007059043496364e-18
8.727035569538380246e-18
6.593444000835191072e-18
7.599145491402429949e-18
5.661849366654963034e-18
6.621244426341275179e-18
4.857517442202521593e-18
5.773141050098232396e-18
4.163353568763081590e-18
5.037399545448661161e-18
3.564537178564222037e-18
4.398958158284414416e-18
3.048226228716843600e-18
3.844802607876214257e-18
2.603298757370830183e-18
3.363685935789873097e-18
2.220127430301165287e-18
2.945887931159432130e-18
1.890383258817213183e-18
2.583008383094269868e-18
1.606865025543844047e-18
2.267789255361673246e-18
1.363351309058095278e-18
1.993961793642259840e-18
1.154472271938402011e-18
1.756115096667474695e-18
9.755988767045573969e-19
1.549583216877747725e-18
8.227472990587308429e-19
1.370348355095842411e-18
6.924967535559816991e-19
1.214958025142829166e-18
5.819190738925118487e-19
1.080454441223256637e-18
4.885187142075455453e-19
9.643146107453960414e-19
4.101819716506250169e-19
8.643999297914458795e-19
3.451344930408747900e-19
7.789141996688092031e-19
2.919062098700877079e-19
7.063692650472456290e-19
2.493030617286027456e-19
6.455575901153941620e-19
2.163850432005169263e-19
5.955312676235896997e-19
1.924501129440267045e-19
