# bin_1_1
1.184900400237746304e-08
6.825680055723651395e-09
1.096853466395662494e-08
6.294335399670771551e-09
1.030716885263785843e-08
5.960896703343800434e-09
9.857950969631313442e-09
5.822622675175098755e-09
9.619256138801297731e-09
5.881984271376066840e-09
9.594919469357307659e-09
6.146879792530582347e-09
9.794498023350190160e-09
6.630981885483056323e-09
1.023366968976500786e-08
7.354222561612429469e-09
1.093477551251218496e-08
8.343422653855150247e-09
1.192751189868902221e-08
9.633073322160178047e-09
1.324977994256168392e-08
1.126627609360141064e-08
1.494869740311635321e-08
1.329584652021863620e-08
1.708177655587464112e-08
1.578558256352691928e-08
1.971826672860523131e-08
1.881169379223867513e-08
2.294065309504427196e-08
2.246437785866309964e-08
2.684629257600111637e-08
2.684951887258427589e-08
3.154915327229339120e-08
3.209046440472113728e-08
3.718160314874860485e-08
3.832981461129522098e-08
4.389616716207670556e-08
4.573112642385186043e-08
5.186713704377080259e-08
5.448039619989893776e-08
6.129187441826532932e-08
6.478713644059736952e-08
7.239159449468915844e-08
7.688480312189699119e-08
8.541135420676290962e-08
9.103026240975840797e-08
1.006188962030782162e-07
1.075019097637275939e-07
1.183019222523475306e-07
1.265959750737157350e-07
1.387632908813330994e-07
1.486204725130544818e-07
1.623135656115531462e-07
1.738861951747777498e-07
1.892602963196965754e-07
2.026941313719686165e-07
2.198934201764699548e-07
2.353187180620647250e-07
2.544662509903168063e-07
2.719864833680921329e-07
2.931717273267211900e-07
3.128499088543966639e-07
3.361139595963674413e-07
3.579568173089226617e-07
3.832757099672829592e-07
4.072163177338769127e-07
4.344833101199361064e-07
4.603633651848198941e-07
4.893717087381448460e-07
5.169253420404996112e-07
5.473538441412541877e-07
5.761957081208098538e-07
6.076002866495069746e-07
6.372215786540891563e-07
6.690369030392696150e-07
6.988138051563792035e-07
7.303698063292794847e-07
7.595892964802278986e-07
7.901474929382650388e-07
8.180552276074894407e-07
8.468690165050782717e-07
8.727425077317540463e-07
8.991432724874458095e-07
9.223903279341734846e-07
9.458968815624403935e-07
9.661737745387194202e-07
9.866159466950426666e-07
1.003951898555942918e-06
1.021590155718991911e-06
1.036495034053652055e-06
1.052108023482330674e-06
1.065630477572135105e-06
1.080533875324633241e-06
1.094230874651370261e-06
1.110188217722551617e-06
1.125969292317850268e-06
1.144964415733889494e-06
1.164790988169069444e-06
1.188658253032410253e-06
1.214115348102847728e-06
1.244071156899406536e-06
1.275885456759121415e-06
1.312068068949536959e-06
1.349712266179687023e-06
1.390898945807691846e-06
1.432471854475352789e-06
1.476168980269312718e-06
1.518732984320105152e-06
1.561780857474182740e-06
1.602228671936205841e-06
1.641891983729385299e-06
1.678184374952443598e-06
1.713421069365137970e-06
1.745735332406393618e-06
1.778049435237456189e-06
1.809157578084743778e-06
1.842348146630914054e-06
1.876640496387626735e-06
1.915097933391462321e-06
1.956274701217819009e-06
2.002330792999020064e-06
2.050806763990080707e-06
2.102683297897496286e-06
2.154586740380939785e-06
2.206859979016167933e-06
2.256161158719546461e-06
2.303419731682507748e-06
2.346580180950400829e-06
2.388140579781300204e-06
2.427716622969299624e-06
2.468943011929872394e-06
2.511808881866164200e-06
2.559149145969283160e-06
2.609228953597354990e-06
2.662496551270048723e-06
2.715060226183245401e-06
2.766094249515973372e-06
2.812079173779833042e-06
2.854137280491501925e-06
2.891821131904861676e-06
2.929110010119618984e-06
2.966983824426079924e-06
3.008388111275937961e-06
3.051102941529852009e-06
3.093957581119885350e-06
3.131951866837604123e-06
3.164128579193951412e-06
3.189068836523544839e-06
3.210831744542878860e-06
3.231415285854782832e-06
3.254014068532804786e-06
3.275634627789085689e-06
3.293498058444968689e-06
3.302330534380835896e-06
3.303026148411497030e-06
3.297581892473652300e-06
3.291579034550557368e-06
3.284481128484125707e-06
3.273716552786692439e-06
3.252788652601263300e-06
3.221980378221430927e-06
3.184364343953573909e-06
3.146111941678534218e-06
3.105094795440581643e-06
3.056716339482192536e-06
2.996343325280866748e-06
2.929521518105143885e-06
2.861290787287986719e-06
2.792138590385805648e-06
2.714133596622110005e-06
2.627396366088968723e-06
2.538157485256901222e-06
2.451983838820130773e-06
2.361705626925820198e-06
2.264890770622819820e-06
2.168003887474211875e-06
2.077946343830487976e-06
1.986786837594601650e-06
1.893660610940576110e-06
1.807277469971921971e-06
1.730271034256779031e-06
1.652995422669954789e-06
1.582581075059806200e-06
1.525128171652906371e-06
1.473204194690082934e-06
1.426669907025883033e-06
1.396311611416379965e-06
1.371168166953257900e-06
1.353508863858766372e-06
1.349572458526501072e-06
1.349192836272381646e-06
1.355586593940609713e-06
1.371769727905123654e-06
1.384899038913845607e-06
1.407192698838045117e-06
1.425078989510512725e-06
1.444169097851084836e-06
1.460968649617284321e-06
1.471900696513189339e-06
1.481286211849613398e-06
1.482094959784878935e-06
1.481212220673511862e-06
1.472768016822173935e-06
1.463433014623988364e-06
1.449857424619308788e-06
1.437706208907748358e-06
1.425569097486135693e-06
1.417815789487143468e-06
1.413739637056762655e-06
1.416048288189170318e-06
1.423595100893728632e-06
1.437167898020937591e-06
1.454632957796223493e-06
1.475140348126311569e-06
1.495921238326969867e-06
1.515517860081921136e-06
1.531655360421429327e-06
1.543698415697530157e-06
1.551065420672693861e-06
1.554876531132560683e-06
1.556482609408281699e-06
1.558299536146667972e-06
1.562327844849454246e-06
1.570461026337816338e-06
1.583292109410276302e-06
1.600476250482936044e-06
1.620292487133485332e-06
1.640492520303701099e-06
1.658652295788396410e-06
1.673211041705722073e-06
1.683851896980636806e-06
1.691802346825119658e-06
1.699347937689306850e-06
1.709001977487821880e-06
1.722467101553325342e-06
1.739809524994067365e-06
1.759434421286760962e-06
1.778671985917251693e-06
1.795214271021162457e-06
1.808181601642334273e-06
1.818851094721675574e-06
1.829787062299441935e-06
1.843558769403709091e-06
1.860853413572288635e-06
1.880206138134483678e-06
1.898656515609903367e-06
1.914141806063600580e-06
1.926796077365830121e-06
1.939235472302835380e-06
1.954133553275407376e-06
1.972223237246191665e-06
1.991220416933056805e-06
2.008252507222701573e-06
2.022344076947271148e-06
2.035845128872755502e-06
2.051603637254535875e-06
2.070110717991115905e-06
2.088480622236535860e-06
2.104300237429420534e-06
2.118372550750933746e-06
2.134082117446658961e-06
2.152329068222910389e-06
2.170537763453476549e-06
2.186130218937723758e-06
2.200971502977107076e-06
2.217982266631082348e-06
2.236508882792715187e-06
2.253082631620738213e-06
2.268177646573197104e-06
2.284961774043924770e-06
2.303323899101378849e-06
2.319737700859152678e-06
2.335167256400845124e-06
2.352563009607049985e-06
2.370370889623128640e-06
2.385950593294799581e-06
2.402407466514816722e-06
2.420285916174218674e-06
2.436463852468111955e-06
2.452385636192545839e-06
2.470178847559024918e-06
2.486250449650372602e-06
2.502329625288318108e-06
2.519745532603647122e-06
2.535555920926984067e-06
2.551883805470705199e-06
2.568887790167036220e-06
2.584156470180337582e-06
2.601217050885486960e-06
2.616748977756602410e-06
2.632937085320106858e-06
2.648972924436822516e-06
2.664469580052490044e-06
2.680620688870050524e-06
2.695758956715090061e-06
2.711688812366369579e-06
2.726649900558895243e-06
2.742243528727964371e-06
2.757040415321790563e-06
2.772224183019403895e-06
2.786853596057707261e-06
2.801643776764572568e-06
2.816001833912059662e-06
2.830419898479029329e-06
2.844441290446393450e-06
2.858491487117966242e-06
2.872146673329364740e-06
2.885757895955935776e-06
2.899059257026998142e-06
2.912220161873246515e-06
2.925096566371312766e-06
2.937814385031166622e-06
2.950210602912920105e-06
2.962478533754683447e-06
2.974393701935412550e-06
2.986143403412269663e-06
2.997588385815108284e-06
3.008801256251530880e-06
3.019727957473142601e-06
3.030412698091297375e-06
3.040773586306945968e-06
3.050918763354558533e-06
3.060704832256476848e-06
3.070253780044666278e-06
3.079471440974757537e-06
3.088402314843406876e-06
3.097011451892407112e-06
3.105318441744151927e-06
3.113275995931865593e-06
3.120948274055064384e-06
3.128240769671914757e-06
3.135234701553576322e-06
3.141860610177127705e-06
3.148150128393155131e-06
3.154076594072622927e-06
3.159650686246540428e-06
3.164841339347193189e-06
3.169689639282054047e-06
3.174131828834920027e-06
3.178219581955232621e-06
3.181902443153512068e-06
3.185204762734304009e-06
3.188105289230987197e-06
3.190611767429295791e-06
3.192700888311025191e-06
3.194397422903630030e-06
3.195659553256590297e-06
3.196521054033605765e-06
3.196946234896308289e-06
3.196952171896462703e-06
3.196520836223621781e-06
3.195658876487925774e-06
3.194349616899852701e-06
3.192608810223784116e-06
3.190408033167359950e-06
3.187769145651115482e-06
3.184667081932528318e-06
3.181116143799211721e-06
3.177099940466008975e-06
3.172626188430155985e-06
3.167682112219199089e-06
3.162278315894476103e-06
3.156396323681203242e-06
3.150050956200549973e-06
3.143225328781984002e-06
3.135930098821701615e-06
3.128153279589624716e-06
3.119903544548875784e-06
3.111170728041905763e-06
3.101962789858866550e-06
3.092269269398132415e-06
3.082101412137107672e-06
3.071448647158785120e-06
3.060318824089831489e-06
3.048704728319961112e-06
3.036615490834290119e-06
3.024042791648829440e-06
3.010997512134028488e-06
2.997474223948822464e-06
2.983480974009257346e-06
2.969013729931037872e-06
2.954081185810832510e-06
2.938677687256476893e-06
2.922815476262338402e-06
2.906491258418292701e-06
2.889713791468695299e-06
2.872482170457532404e-06
2.854805955164866780e-06
2.836685001221843431e-06
2.818128090686310355e-06
2.799136289141472973e-06
2.779723586354366871e-06
2.759887949786810437e-06
2.739641070106238370e-06
2.718986582272615396e-06
2.697934042049997037e-06
2.676489425857908201e-06
2.654662619434799588e-06
2.632457046433553847e-06
2.609889882244593179e-06
2.586963159911307762e-06
2.563690346931044256e-06
2.540078317656366308e-06
2.516138888101469432e-06
2.491882755336445336e-06
2.467321125446607808e-06
2.442460937055358665e-06
2.417321398831940552e-06
2.391908311748251644e-06
2.366237991132075051e-06
2.340320144609295020e-06
2.314167839958871497e-06
2.287796725536587554e-06
2.261219298169175312e-06
2.234445438878382082e-06
2.207496748163577411e-06
2.180380774760916215e-06
2.153116342115050333e-06
2.125715047729119911e-06
2.098190767141933234e-06
2.070563197770481005e-06
2.042844410920046026e-06
2.015046514523943388e-06
1.987192569209807358e-06
1.959289815132446764e-06
1.931359471275156844e-06
1.903413048392797303e-06
1.875463837822156737e-06
1.847534224986994498e-06
1.819634502594294113e-06
1.791777876197516164e-06
1.763986213203201334e-06
1.736265772973964154e-06
1.708637832192074517e-06
1.681112284642049039e-06
1.653700620292594049e-06
1.626425479693347287e-06
1.599293739158861168e-06
1.572318326513560049e-06
1.545517899451834784e-06
1.518896412643883831e-06
1.492473485714902966e-06
1.466255502976445385e-06
1.440250530765302221e-06
1.414479625990140924e-06
1.388945381080809623e-06
1.363658534778696975e-06
1.338632910994842669e-06
1.313868879966332994e-06
1.289383704317205433e-06
1.265178788263301569e-06
1.241258216768301155e-06
1.217640073941157144e-06
1.194322014178732174e-06
1.171312016084302521e-06
1.148618162320330841e-06
1.126236878089845694e-06
1.104182988427601572e-06
1.082452645222136158e-06
1.061045914667619289e-06
1.039977642102712057e-06
1.019240418968540030e-06
9.988395067563032487e-07
9.787774413393794884e-07
9.590472600487661899e-07
9.396621052235407272e-07
9.206127251244888770e-07
9.018958843326651963e-07
8.835234768704442192e-07
8.654837132426532480e-07
8.477802170871663391e-07
8.304104677585916788e-07
8.133646871940503056e-07
7.966555331907995548e-07
7.802690893415268233e-07
7.641999572145641163e-07
7.484575729623233960e-07
7.330269079521649794e-07
7.179113097589939157e-07
7.031042251019481075e-07
6.885936042772791449e-07
6.743923469524846639e-07
6.604831491885100777e-07
6.468605593871740746e-07
6.335319457055637250e-07
6.204791244469496468e-07
6.077066652623025515e-07
5.952058086661629658e-07
5.829630337955535845e-07
5.709922393997792508e-07
5.592735699083967064e-07
5.478025256804410708e-07
5.365850631728868365e-07
5.256015571877698715e-07
5.148584090660205454e-07
5.043448534720395536e-07
4.940470950565214537e-07
4.839806677960044078e-07
4.741244439730859386e-07
4.644762919547804943e-07
4.550397473128699484e-07
4.457959431280848105e-07
4.367534517816639884e-07
4.279005277526602613e-07
4.192239340746726722e-07
4.107403920640345558e-07
4.024284557768754233e-07
3.942886528771397798e-07
3.863227112066741548e-07
3.785132049932460754e-07
3.708709987466012091e-07
3.633831415492064494e-07
3.560380487249259650e-07
3.488534073690813465e-07
3.418075569180610968e-07
3.349032773519359859e-07
3.281405515131263779e-07
3.215030863135999574e-07
3.150046485333672511e-07
3.086306697978225264e-07
3.023710351470362601e-07
2.962432526344344558e-07
2.902252404777701683e-07
2.843223489112612735e-07
2.785328027169298974e-07
2.728417985897768757e-07
2.672661630413949648e-07
2.617906162731324721e-07
2.564077604841936044e-07
2.511354563719903394e-07
2.459535217388462624e-07
2.408707294284346212e-07
2.358843077130669294e-07
2.309811482061612049e-07
2.261800229162449935e-07
2.214645063481860612e-07
2.168289627272348111e-07
2.122890561288982650e-07
2.078249051361722419e-07
2.034469342010240338e-07
1.991506619154931896e-07
1.949238053708375752e-07
1.907843807142622781e-07
1.867137120527263197e-07
1.827073228859032094e-07
1.787756856923413924e-07
1.748970141992715473e-07
1.710806506403635746e-07
1.673192045081172143e-07
1.635997194614770978e-07
1.599386834894103184e-07
1.563191493207527916e-07
1.527416197346655828e-07
1.492170738320946532e-07
1.457311213422879317e-07
1.422982432031374294e-07
1.389158993661401316e-07
1.355776794587741390e-07
1.323011672403044498e-07
1.290733935767813448e-07
1.258984456391227080e-07
1.227828675501135041e-07
1.197155148805215549e-07
1.167074318549007873e-07
1.137550437468120476e-07
1.108529579097595847e-07
1.080145070040085865e-07
1.052288378890763406e-07
1.025006008186157635e-07
9.983300415618205524e-08
9.721782942164515864e-08
9.466293639466028273e-08
9.216360811228958094e-08
8.971505725029555052e-08
8.732494368316774111e-08
8.498330888342422853e-08
8.269305718372481423e-08
8.045414608424458721e-08
7.826017347172739816e-08
7.611618131027184746e-08
7.401788782692009218e-08
7.196249576630844594e-08
6.995465421158919645e-08
6.798750180613980077e-08
6.606363123542707698e-08
6.418228424754259600e-08
6.233932044911904634e-08
6.053790013474926074e-08
5.877466867812282029e-08
5.704810321692027938e-08
5.536032162703469501e-08
5.370689395632046807e-08
5.208933341936914327e-08
5.050678397354166943e-08
4.895702454698788463e-08
4.744164667153578913e-08
4.595866505088462804e-08
4.450760579023373723e-08
4.308929383368710971e-08
4.170162482499852768e-08
4.034568698704288961e-08
3.902072858359250725e-08
3.772593331306894087e-08
3.646187281096256346e-08
3.522773573019445444e-08
3.402346198335888105e-08
3.284908169927134630e-08
3.170391182364983375e-08
3.058797541831341921e-08
2.950098868316324351e-08
2.844276416383626871e-08
2.741309068875912120e-08
2.641133147583712010e-08
2.543757930548105998e-08
2.449137067526768824e-08
2.357226248802068455e-08
2.267994209658764340e-08
2.181416321913231540e-08
2.097441792499821432e-08
2.016009172507359896e-08
1.937135630523026762e-08
1.860733938564174743e-08
1.786753234607903543e-08
1.715190566019361886e-08
1.645970961964704160e-08
1.579018652916428339e-08
1.514356051804687769e-08
1.451863131983754382e-08
1.391530069895535436e-08
1.333332379224236934e-08
1.277164312092576586e-08
1.223033514155661457e-08
1.170828996680355737e-08
1.120544248904777848e-08
1.072105992934034423e-08
1.025486558429948995e-08
9.806281030303394971e-09
9.374620376756377981e-09
8.959924079897565044e-09
8.561048058276603072e-09
8.177938617255350667e-09
7.809953622304017192e-09
7.456571449461593180e-09
7.117554725346695746e-09
6.792339899224207679e-09
6.480471290485310810e-09
6.181363753698055064e-09
5.894824944143881842e-09
5.620320006429738062e-09
5.357384410726772840e-09
5.105704209161565798e-09
4.864601985810463277e-09
4.634233536352736186e-09
4.413935510809274444e-09
4.202937922664850235e-09
4.001449949594043801e-09
3.808951800197078179e-09
3.625043437576648401e-09
3.449311259049505557e-09
3.281508532947591566e-09
3.121431136385167944e-09
2.968703398193267291e-09
2.822999742944184318e-09
2.683733952138847335e-09
2.551319243774905480e-09
2.424978360212674101e-09
2.304228847399417007e-09
2.189720481824821881e-09
2.080241551143663557e-09
1.976213363471574273e-09
1.877229272695495820e-09
1.782354428722971313e-09
1.692686077013136820e-09
1.607116068985328972e-09
1.525533831354254003e-09
1.448539418623566441e-09
1.374758208548156582e-09
1.304884716014991722e-09
1.238424582954488848e-09
1.174666607836876824e-09
1.114680022004967732e-09
1.057403989754960853e-09
1.003018413075855666e-09
9.517765332729510717e-10
9.027287248386754315e-10
8.563865113186301635e-10
8.122840722016551919e-10
7.699589259369822887e-10
7.301767447364824169e-10
6.921529595165101257e-10
6.561335610721203985e-10
6.221752897334487238e-10
5.897893361273423527e-10
5.593494260261493546e-10
5.304521563982805291e-10
5.027691663082407476e-10
4.767814732043012530e-10
4.519024215720847096e-10
4.283058235073200200e-10
4.059461041314752961e-10
3.845311771418932860e-10
3.644507509208807879e-10
3.453746153522581212e-10
3.270924549934767828e-10
3.100855753184444738e-10
2.938683851934715809e-10
2.785890265028816723e-10
2.641827332275618908e-10
2.503222452232778044e-10
2.374512551579790364e-10
2.251564098569507548e-10
2.132503276412213911e-10
2.022544545082965138e-10
1.916048124385811662e-10
1.816008589354813436e-10
1.721720020792543109e-10
1.629698515492120786e-10
1.545583723163405665e-10
1.465047768401500313e-10
1.386785895692175782e-10
1.315705233004291187e-10
1.245998238817768039e-10
1.181234048758302600e-10
1.120354172354418063e-10
1.060159599720758755e-10
1.006218316386576475e-10
9.540137431670627916e-11
9.033771614367118611e-11
8.580312596789167777e-11
8.127981887676497306e-11
7.712899918065073345e-11
7.323542433389180853e-11
6.931661968753172222e-11
6.586335233749098441e-11
6.245973419046833809e-11
5.917106020032064782e-11
5.622650746960775524e-11
5.324518320223518595e-11
5.053675271471583093e-11
4.799323594763461490e-11
4.540888843348460671e-11
4.316897404233069670e-11
4.092905457389219411e-11
3.879449225118511345e-11
3.686961651845156832e-11
3.491765423229534483e-11
3.315797941729671022e-11
3.149983398807533417e-11
2.980778461825522894e-11
2.835681779689182793e-11
2.688395219166407973e-11
2.550028491956482690e-11
2.424403660334009293e-11
2.296554312248804079e-11
2.182114217567547991e-11
2.073622496613586825e-11
1.963253081006336120e-11
1.868497622983971710e-11
1.771725485733010122e-11
1.681709305007711231e-11
1.599366314022950833e-11
1.515057711419392595e-11
1.440698800226733098e-11
1.369113855071832531e-11
1.297075855489191699e-11
1.234752459337066166e-11
1.171254412098053558e-11
1.112327928742295530e-11
1.058061100918101278e-11
1.002661343720997645e-11
9.538528185007563363e-12
9.064456495571644495e-12
8.591145809091786268e-12
8.180646618017912594e-12
7.757145839118142933e-12
7.371432476915598473e-12
7.009095306604381874e-12
6.643260610641404790e-12
6.318870635385273261e-12
6.003006176338344807e-12
5.689842183878699373e-12
5.414542854990778977e-12
5.132923971066624291e-12
4.874217339815193194e-12
4.632354999542308411e-12
4.386362032199531109e-12
4.169133477735386134e-12
3.954093023973846803e-12
3.745433759433101335e-12
3.557103180620722226e-12
3.366445386420376044e-12
3.190911167723706603e-12
3.024112166545347144e-12
2.857342784502590299e-12
2.707144081185777834e-12
2.558298427637305858e-12
2.414705684899638849e-12
2.282994372488254206e-12
2.150290406897812223e-12
2.026892895992932860e-12
1.909651745628019517e-12
1.792326183761056105e-12
1.685289636170001591e-12
1.579572632811471031e-12
1.477845195896566063e-12
1.382984664547683077e-12
1.288541347158872544e-12
1.200488634797176128e-12
1.115896931544214539e-12
1.033189918052672321e-12
9.566610209105776527e-13
8.818334909710816704e-13
8.112358915328988145e-13
7.446939360422120896e-13
6.805902049054882417e-13
6.211770344263957539e-13
5.652268664109237818e-13
5.122306675541489787e-13
4.640749813533400298e-13
4.188501379823101190e-13
3.776012127308107244e-13
3.406749841499980896e-13
3.066438688495083088e-13
2.770332511745293623e-13
2.509205663103726321e-13
2.279896042125031401e-13
2.090320397246733372e-13
1.927082177986345818e-13
1.794233775643512920e-13
1.689497678303134125e-13
1.603104268276329639e-13
1.538733443108968060e-13
1.486420886423877503e-13
1.444109490668535127e-13
1.408225446169091159e-13
1.372412215714334771e-13
1.334516791634501961e-13
1.291270895942899042e-13
1.238851838241754997e-13
1.177475848039231088e-13
1.104920496318237609e-13
1.023761527192286202e-13
9.341474974772877603e-14
8.401588614958982593e-14
7.444807204842700431e-14
6.518934410312510010e-14
5.662934573363215883e-14
4.915009856150622452e-14
4.301930538823768764e-14
3.853103917725640487e-14
3.553412567527757867e-14
3.407376786650543324e-14
3.368663757956460784e-14
3.405263144847884449e-14
3.463676138225429679e-14
3.491145059313399806e-14
3.445886567630250931e-14
3.306560921014849975e-14
3.055526732612532635e-14
2.723285147293333242e-14
2.333898447345417857e-14
1.946796724351303544e-14
1.612610530981946653e-14
1.371918742205215386e-14
1.247749579866181154e-14
1.237922718855755710e-14
1.299522795740246792e-14
1.390902545262015215e-14
1.442531235615922526e-14
1.417913629892862608e-14
1.299172425027552746e-14
1.103113335301448288e-14
8.802194165026082498e-15
6.931990815835317622e-15
5.842088897264469048e-15
5.779040876605811538e-15
6.384756368492026017e-15
7.158836744874564785e-15
7.461756844583931646e-15
6.927272005217347632e-15
5.676408571719480643e-15
4.248187893397351462e-15
3.242949699269000883e-15
3.108392672082085080e-15
3.615955327089458783e-15
4.239122078693175158e-15
4.319911789189942495e-15
3.648154406541651069e-15
2.610105058686674218e-15
1.903007907293062571e-15
1.907199044204095437e-15
2.449415037365982371e-15
2.788765323250998548e-15
2.491901599137350457e-15
1.727343661624768008e-15
1.190884425675539191e-15
1.308094200137611218e-15
1.770897877558383428e-15
1.848427911568270393e-15
1.368126477022757149e-15
8.370466603785073676e-16
8.810104451870598360e-16
1.258152495642555298e-15
1.284384338082733114e-15
8.280707482850181933e-16
5.543145217667805139e-16
7.817192259660839816e-16
9.952795000069577180e-16
6.984423129327690366e-16
4.088733936541222953e-16
5.770578912294907389e-16
7.479717059019314867e-16
4.767717942778176879e-16
3.129020638326363741e-16
5.184123372634700662e-16
5.222322087927626749e-16
2.533499524622708769e-16
3.371407854374357456e-16
4.467962544914899723e-16
2.407415092167368196e-16
2.373006663725343647e-16
3.675278608833680383e-16
1.871618715753652628e-16
2.106896159276557535e-16
2.818702008355618617e-16
1.383037116627138290e-16
2.027449234083066669e-16
2.007578772392235091e-16
1.056225813862281380e-16
2.057707987193690911e-16
9.690652702903597812e-17
1.498972160018620406e-16
1.183874854218779765e-16
9.987662503477560094e-17
1.231278305194381215e-16
7.491552509424031614e-17
1.111276468192905915e-16
6.465022707121314757e-17
9.409984799061690965e-17
5.887725168639012109e-17
7.847244864880911291e-17
5.358887694726021769e-17
6.574116549470631834e-17
4.810119225243930331e-17
5.556574933820137409e-17
4.264484830606015957e-17
4.732106027700200295e-17
3.748958127551172617e-17
4.051379762173199645e-17
3.278098402390208485e-17
3.480774198621447809e-17
2.856635279542702088e-17
2.997482598578462613e-17
2.483850129257755533e-17
2.585357638226977219e-17
2.156474890217758048e-17
2.232364108924372366e-17
1.870259535204780837e-17
1.929131192305376955e-17
1.620753225895889406e-17
1.668123736186823650e-17
1.403672804352609418e-17
1.443146214394783037e-17
1.215063039173391946e-17
1.249027386585585251e-17
1.051353146529057736e-17
1.081406948263873415e-17
9.093622446486789734e-18
9.365828271378023024e-18
7.862804201332147153e-18
8.113966781724394693e-18
6.796390646932237962e-18
7.031448480463879341e-18
5.872775207107903298e-18
6.095072250338932944e-18
5.073096423513569430e-18
5.284892297951206546e-18
4.380920590538721973e-18
4.583738175208834753e-18
3.781949584525022716e-18
3.976813391405247409e-18
3.263756817486362734e-18
3.451357082848552508e-18
2.815551413667577963e-18
2.996357189938875677e-18
2.427969275545374249e-18
2.602306238608218407e-18
2.092889026493611380e-18
2.260992748769840195e-18
1.803270502074059402e-18
1.965322613519589940e-18
1.553013480316687911e-18
1.709165881860322722e-18
1.336834383316689987e-18
1.487225150951192957e-18
1.150158884492300200e-18
1.294922403865955101e-18
9.890285146422974849e-19
1.128301656843847409e-18
8.500195483182211884e-19
9.839451682895425351e-19
7.301726676506879884e-19
8.589013320555406382e-19
6.269320530140190257e-19
7.506226462398688935e-19
5.380927281710614864e-19
6.569123795694704114e-19
4.617551323582479763e-19
5.758788018877108675e-19
3.962860223877220844e-19
5.058959658258709984e-19
3.402849413316492933e-19
4.455702218618023467e-19
2.925555936512714381e-19
3.937117561370057311e-19
2.520815585416001108e-19
3.493105505627350952e-19
2.180058704074234939e-19
3.115162819515443787e-19
1.896140728100617355e-19
2.796217513825521264e-19
1.663204215537876308e-19
2.530495094408502579e-19
1.476569827175858800e-19
