# bin_3_3
4.525818430995910058e-08
3.553703858911084626e-09
4.344662174242673424e-08
4.147478759650866182e-09
4.232077077708900151e-08
5.317093247136629618e-09
4.189972786827272223e-08
7.098368187670120245e-09
4.222117118905842510e-08
9.545861381365454233e-09
4.334296385079031048e-08
1.273477432648404390e-08
4.534526639360990299e-08
1.676338352211934637e-08
4.833319832504218044e-08
2.175603708994582808e-08
5.244009552105349432e-08
2.786676518099186788e-08
5.783140745968704120e-08
3.528354895768258335e-08
6.470928074734976620e-08
4.423329317018862637e-08
7.331786604235007119e-08
5.498753252487470471e-08
8.394937323611444021e-08
6.786888903822616493e-08
9.695087559053602060e-08
8.325826168322438263e-08
1.127318284236781027e-07
1.016026961103967246e-07
1.317722170604060388e-07
1.234238100273476296e-07
1.546311737511575483e-07
1.493265741606325598e-07
1.819558090932903165e-07
1.800081275987426993e-07
2.144898651018947253e-07
2.162661619830595440e-07
2.530816390111076758e-07
2.590062180139983113e-07
2.986904052817090994e-07
3.092470024467557989e-07
3.523903111036242745e-07
3.681225511418446992e-07
4.153704103269774268e-07
4.368797337969455757e-07
4.889291522673949266e-07
5.168692299729639340e-07
5.744612627600164541e-07
6.095277212571953315e-07
6.734345757077307971e-07
7.163486823943614034e-07
7.873540401863937394e-07
8.388388696668218034e-07
9.177099183148875657e-07
9.784574930586130914e-07
1.065907205391054590e-06
1.136535246967189863e-06
1.233173705770402423e-06
1.314171031005487188e-06
1.420445170157472047e-06
1.512105547247875932e-06
1.628227692738688335e-06
1.730573253454250494e-06
1.856440437700908292e-06
1.969137669760307445e-06
2.104245982123308776e-06
2.226519998546873377e-06
2.369881304394016336e-06
2.500437546875910266e-06
2.650509725721027363e-06
2.787476380905063036e-06
2.942122575195864941e-06
3.083031408641969624e-06
3.239528098001936457e-06
3.381355391658052275e-06
3.536472438740798193e-06
3.675764011979777435e-06
3.825940622036021187e-06
3.959043684607679419e-06
4.100680359727397996e-06
4.224097794808299160e-06
4.353973245206629011e-06
4.464840174595444944e-06
4.580641185515311583e-06
4.677297045713908447e-06
4.778216823624352204e-06
4.860808028054102550e-06
4.948125392021532317e-06
5.019126819744530023e-06
5.096630222273128509e-06
5.161126923334979463e-06
5.235206105711456739e-06
5.300746348271598483e-06
5.379961375972449217e-06
5.455803455918907786e-06
5.549784152414491234e-06
5.645442101913951433e-06
5.763099462757980870e-06
5.886271349727989259e-06
6.033531467635073782e-06
6.187768276155148463e-06
6.365346679923732935e-06
6.548139072344538591e-06
6.750173496040760677e-06
6.952373322958749946e-06
7.166861621340637216e-06
7.374316886465739703e-06
7.586045976439400669e-06
7.783797541667015780e-06
7.979622818937114252e-06
8.157896504315037266e-06
8.332884778645806642e-06
8.492651816292334508e-06
8.654211195106505217e-06
8.809021320645622178e-06
8.975689487706313641e-06
9.146949328576697131e-06
9.340152711961583184e-06
9.545958789315851033e-06
9.777193298735682210e-06
1.001977773046759912e-05
1.028068721634944417e-05
1.054157931737451418e-05
1.080620990006868664e-05
1.105654358061650875e-05
1.129905234194218500e-05
1.152207238785880509e-05
1.173955407864250062e-05
1.194806157733960840e-05
1.216694240215872106e-05
1.239470273444025137e-05
1.264672541695211782e-05
1.291330362467697680e-05
1.319818510834977705e-05
1.348135091328583077e-05
1.376030699713155360e-05
1.401695734254490673e-05
1.425816600962205249e-05
1.448082015408629611e-05
1.470554718035233744e-05
1.493625308151472497e-05
1.518850533278138176e-05
1.545083085926063688e-05
1.571882442799515863e-05
1.596765862434912524e-05
1.619391165540086142e-05
1.639017941549342526e-05
1.657726560552399845e-05
1.676438297441365725e-05
1.696809791094521471e-05
1.717353647088520823e-05
1.736829760738169476e-05
1.752652528616982784e-05
1.765352377838267435e-05
1.775865603016683739e-05
1.786982345302856094e-05
1.798413644485290962e-05
1.808993588104857421e-05
1.815546802591080057e-05
1.818275786278572431e-05
1.818630636251701181e-05
1.819647375890540036e-05
1.820249908426756189e-05
1.818243911778783645e-05
1.811328071583454037e-05
1.802193649829709536e-05
1.793203614265395055e-05
1.784575501158526742e-05
1.772374999701424394e-05
1.756614173807305812e-05
1.740190145562914227e-05
1.725721885021094096e-05
1.709599386975365178e-05
1.690543562775624427e-05
1.671523153441127082e-05
1.655753411540966373e-05
1.639223025418543012e-05
1.621375148046351152e-05
1.606248750234130063e-05
1.594978840613347189e-05
1.582732877376522072e-05
1.572837694758981992e-05
1.568110220666525824e-05
1.564864562422903590e-05
1.562947020513134034e-05
1.567542648066952047e-05
1.573327062181260766e-05
1.581433251810184041e-05
1.594938363943342228e-05
1.609033531015229769e-05
1.625411145407431294e-05
1.645710310975497540e-05
1.663913042299732718e-05
1.686155413769235332e-05
1.706094226402647782e-05
1.726669618168709429e-05
1.746393422679798471e-05
1.763707593546490730e-05
1.780830303329418017e-05
1.794430315776703047e-05
1.807848955036955052e-05
1.818186276190409867e-05
1.828552173379429546e-05
1.837149143994327215e-05
1.846510704454378855e-05
1.855723810631423559e-05
1.866690249187315861e-05
1.878883559086360190e-05
1.893501631598380926e-05
1.909948856971473591e-05
1.928669634345161118e-05
1.948772839732499488e-05
1.970075632533623670e-05
1.991496969402901541e-05
2.012607934430841986e-05
2.032526614337659649e-05
2.051095010047065771e-05
2.068048674866086975e-05
2.083837515262416831e-05
2.098894812385490198e-05
2.114119138712164866e-05
2.130183265109260091e-05
2.147791953986797039e-05
2.167125343322121991e-05
2.188087303120909359e-05
2.210042078243992306e-05
2.232212821676608623e-05
2.253718516045438017e-05
2.274022352170434905e-05
2.292994929907429225e-05
2.311086169126005705e-05
2.329093476766335520e-05
2.347920330589700963e-05
2.368158508911870065e-05
2.389838448385288118e-05
2.412380066943307688e-05
2.434837108118322860e-05
2.456375176939383563e-05
2.476681491816944375e-05
2.496198265999324261e-05
2.515839183928695455e-05
2.536511749686528013e-05
2.558464814170152438e-05
2.581171954203341935e-05
2.603578189452577664e-05
2.624935870399792382e-05
2.645281854078728847e-05
2.665532146502608504e-05
2.686633525688888373e-05
2.708843700204048636e-05
2.731351377020177094e-05
2.753127261294777429e-05
2.773812711570130074e-05
2.794228167905029453e-05
2.815379437734213096e-05
2.837440478192818045e-05
2.859386353467323704e-05
2.880351329519103819e-05
2.900606653716117687e-05
2.921343561390734171e-05
2.942879242505151753e-05
2.964297795876994328e-05
2.984674575962518794e-05
3.004658978987129254e-05
3.025281587343749224e-05
3.046311092001040960e-05
3.066508999556456772e-05
3.086028358797486613e-05
3.105983320875208362e-05
3.126336157960853476e-05
3.145830183949614234e-05
3.164793605488090873e-05
3.184264252551015085e-05
3.203688333363582046e-05
3.222115253986134592e-05
3.240636366565382567e-05
3.259443015554282469e-05
3.277414468158983726e-05
3.295047608622831662e-05
3.313106957105760601e-05
3.330304309061861412e-05
3.347225279387963426e-05
3.364357779118257082e-05
3.380654069482113855e-05
3.396834959274829517e-05
3.412983971212156428e-05
3.428229222426730087e-05
3.443803219329770818e-05
3.458561602632748497e-05
3.473226779915310468e-05
3.487530579461279033e-05
3.501343020467159457e-05
3.515029269757866543e-05
3.528042265557710972e-05
3.540973404738736037e-05
3.553194099051067286e-05
3.565284146133946685e-05
3.576694109958504378e-05
3.587857651531031506e-05
3.598434031683358511e-05
3.608650094542687023e-05
3.618318211448342159e-05
3.627585188339278049e-05
3.636286836717702876e-05
3.644577791279562950e-05
3.652283880095276859e-05
3.659535040195836895e-05
3.666225520010472352e-05
3.672406245291498722e-05
3.678027881519923056e-05
3.683122058375160247e-05
3.687626967840965981e-05
3.691604270848598915e-05
3.694965523058131454e-05
3.697774319666939619e-05
3.699972680407158046e-05
3.701582212125208783e-05
3.702577654860609072e-05
3.702968881843388544e-05
3.702723022648461498e-05
3.701872471393340608e-05
3.700364729253430171e-05
3.698236212280898571e-05
3.695448887035338432e-05
3.692017482820746538e-05
3.687924437606703427e-05
3.683176042245651612e-05
3.677751586827016306e-05
3.671670017370449595e-05
3.664900417338225571e-05
3.657466615745709687e-05
3.649344896457554324e-05
3.640546375477561733e-05
3.631059933987904607e-05
3.620892166145600654e-05
3.610032277407654679e-05
3.598494196523108294e-05
3.586261345655502089e-05
3.573351737812102268e-05
3.559752125581186141e-05
3.545474539598563379e-05
3.530515147003656799e-05
3.514882773413806349e-05
3.498573466406176125e-05
3.481601274348112933e-05
3.463961232766624463e-05
3.445670078738191736e-05
3.426724476892285180e-05
3.407138650513222023e-05
3.386914893006523096e-05
3.366067023003437437e-05
3.344598382780672045e-05
3.322523929103327853e-05
3.299848435620032804e-05
3.276590720900750405e-05
3.252756039849930198e-05
3.228361131092047928e-05
3.203415483848425692e-05
3.177938074663270356e-05
3.151937510723584843e-05
3.125433606767600978e-05
3.098438834224432118e-05
3.070973093655725923e-05
3.043049278670773938e-05
3.014688645085282487e-05
2.985903919234637272e-05
2.956720545990491157e-05
2.927152656177193599e-05
2.897221355800794055e-05
2.866946836911649714e-05
2.836349088209154579e-05
2.805448140563345175e-05
2.774265468130188993e-05
2.742818795823037938e-05
2.711136829202788508e-05
2.679235528345435611e-05
2.647139553905317880e-05
2.614870737920656912e-05
2.582450295450805053e-05
2.549901096606590288e-05
2.517244881478524868e-05
2.484499846898632506e-05
2.451696974068662014e-05
2.418851549264373533e-05
2.385987735442063047e-05
2.353128574713243316e-05
2.320291565728360331e-05
2.287501812886685696e-05
2.254777801921497053e-05
2.222135607112568187e-05
2.189605979864531920e-05
2.157200639862323499e-05
2.124942022109871807e-05
2.092849556931010972e-05
2.060936734839377812e-05
2.029227540387967539e-05
1.997734757781064805e-05
1.966471097772502406e-05
1.935463459125685338e-05
1.904718351959942867e-05
1.874254108857647250e-05
1.844084200694593402e-05
1.814216948915545118e-05
1.784673458475964693e-05
1.755459188049796030e-05
1.726581543912551983e-05
1.698062563259901780e-05
1.669902159109463538e-05
1.642113937224595326e-05
1.614704229651895491e-05
1.587674999575166906e-05
1.561044428635082368e-05
1.534809734604979618e-05
1.508972795609154383e-05
1.483550341478908529e-05
1.458535061801809554e-05
1.433936400234597140e-05
1.409753407345920997e-05
1.385981614725382621e-05
1.362636684208913867e-05
1.339707838047293995e-05
1.317192823448800509e-05
1.295103168100020859e-05
1.273424464869703797e-05
1.252163622804194276e-05
1.231313588175626313e-05
1.210864019126701124e-05
1.190829317177689934e-05
1.171192106697609749e-05
1.151947524466750683e-05
1.133102536692548294e-05
1.114637405804937973e-05
1.096558048004773286e-05
1.078852261395328889e-05
1.061505824333536878e-05
1.044533072685775600e-05
1.027911655845754317e-05
1.011636501636977856e-05
9.957103273813642318e-06
9.801109447167730444e-06
9.648446729402269733e-06
9.498956334033876469e-06
9.352476847222065997e-06
9.209161651136811674e-06
9.068755706201521360e-06
8.931223451159508775e-06
8.796559943562794784e-06
8.664535989426985719e-06
8.535240018436304277e-06
8.408488280722847637e-06
8.284119848325847664e-06
8.162304223136622542e-06
8.042767997058916383e-06
7.925502582873851723e-06
7.810481773640995428e-06
7.697481168667456747e-06
7.586631671945640851e-06
7.477728908877644546e-06
7.370626036437748532e-06
7.265512165987725245e-06
7.162104824054176365e-06
7.060429336496710172e-06
6.960440208528870904e-06
6.861929136418481841e-06
6.765079607236764412e-06
6.669665988642991748e-06
6.575560888721213600e-06
6.482965459358816472e-06
6.391597698730547117e-06
6.301528356999469747e-06
6.212692604933037811e-06
6.124895278728790989e-06
6.038366802479515653e-06
5.952864861889585037e-06
5.868294430482154569e-06
5.784858775662174297e-06
5.702275726934078982e-06
5.620661405656748584e-06
5.539938337510021981e-06
5.459927183302492460e-06
5.380891421712353567e-06
5.302574673581912255e-06
5.224926874341896820e-06
5.148139801971924309e-06
5.071932123512941388e-06
4.996467567282088357e-06
4.921663830848880442e-06
4.847350534014479059e-06
4.773809354673385034e-06
4.700786356094129936e-06
4.628276835865367978e-06
4.556445286011121821e-06
4.485035064352413537e-06
4.414238868003365245e-06
4.343973926396500259e-06
4.274100433586996016e-06
4.204896674503678584e-06
4.136126654039472164e-06
4.067840559812038308e-06
4.000161832628014661e-06
3.932891609854911645e-06
3.866222554294461482e-06
3.800072584807645826e-06
3.734318797982535641e-06
3.669183484249261649e-06
3.604419472559013868e-06
3.540057376954269185e-06
3.476118391653886103e-06
3.412389358769074443e-06
3.348989926578875997e-06
3.285796349688734076e-06
3.222697516476777867e-06
3.159867710286197599e-06
3.097128059850017673e-06
3.034580501322534499e-06
2.972297562087430903e-06
2.910213997691396948e-06
2.848534327471514473e-06
2.787256156726815431e-06
2.726406968634482450e-06
2.666194002579419279e-06
2.606548803119117029e-06
2.547613086941467596e-06
2.489456205399922692e-06
2.432048112080172307e-06
2.375532544955397956e-06
2.319882766515378434e-06
2.265105280979302875e-06
2.211296243906057523e-06
2.158369347418802137e-06
2.106388589636155487e-06
2.055350719141465413e-06
2.005200101872982362e-06
1.955984153527584211e-06
1.907649062385314068e-06
1.860179688457957261e-06
1.813592265904014852e-06
1.767810905326535118e-06
1.722849909924548677e-06
1.678688719017549428e-06
1.635291487056994910e-06
1.592663241381061673e-06
1.550767895174569199e-06
1.509594793369090136e-06
1.469133590285002155e-06
1.429357104316311179e-06
1.390264856730203436e-06
1.351846996397243980e-06
1.314094277833435461e-06
1.276990950146297632e-06
1.240535153601735762e-06
1.204728075381122865e-06
1.169553001786349251e-06
1.135017235727678683e-06
1.101106646865372588e-06
1.067826687976461805e-06
1.035186745437601724e-06
1.003158841490658521e-06
9.717636769609009709e-07
9.410020561989096097e-07
9.108588955010266654e-07
8.813560832968294392e-07
8.524715890786841229e-07
8.242169605950078114e-07
7.966037893359419553e-07
7.696007247497343670e-07
7.432370614816741889e-07
7.175015869793779760e-07
6.923815341258790115e-07
6.678993206096381599e-07
6.440246710667381717e-07
6.207655070726765649e-07
5.981351091873819261e-07
5.760987086951495128e-07
5.546753714694774123e-07
5.338518967963874459e-07
5.136138534456934956e-07
4.939756685757640705e-07
4.749069036062694942e-07
4.564150637249007932e-07
4.384914346385886390e-07
4.211129192733721985e-07
4.042967811889483908e-07
3.880164918118797361e-07
3.722616236449804746e-07
3.570353515612922024e-07
3.423127364962820281e-07
3.280887496482836906e-07
3.143631756160700318e-07
3.011055286381161932e-07
2.883255882434994447e-07
2.760038120491435222e-07
2.641228172529537503e-07
2.526843429227617008e-07
2.416657173463537779e-07
2.310611136447468878e-07
2.208572343840068125e-07
2.110496270017644730e-07
2.016208639528582082e-07
1.925574532971232732e-07
1.838585168700675815e-07
1.754972535711643395e-07
1.674793127297184413e-07
1.597873617587627564e-07
1.524046160074200654e-07
1.453322979657449980e-07
1.385532760919248117e-07
1.320624048679934572e-07
1.258406059555298126e-07
1.198834142520369383e-07
1.141860770246933023e-07
1.087346624514529226e-07
1.035220721204155557e-07
9.853261078688830183e-08
9.376919432305382625e-08
8.922005745800202627e-08
8.486890261382181997e-08
8.071054002570666860e-08
7.674724325542303702e-08
7.296387348421584059e-08
6.935008557434690220e-08
6.590922603591253997e-08
6.262020013445492479e-08
5.949233457071597832e-08
5.651142018627894690e-08
5.365513488866653176e-08
5.095308905182120271e-08
4.837097142060084479e-08
4.590827477238084777e-08
4.357875605512147403e-08
4.134244348927850972e-08
3.922902943100407223e-08
3.721771861686550705e-08
3.528764422107503385e-08
3.347439547480232278e-08
3.173711894650042276e-08
3.008694010567668820e-08
2.852909751846261490e-08
2.703246848915649820e-08
2.562482562926493224e-08
2.428456482747464753e-08
2.300038516891776653e-08
2.179709698365854512e-08
2.064449747803474247e-08
1.955437451345220292e-08
1.852366431097297914e-08
1.753535963733856889e-08
1.660822712118756980e-08
1.572520062795712109e-08
1.488108979672795793e-08
1.409082510822825415e-08
1.333548413195330424e-08
1.262316696585391176e-08
1.194850850344319437e-08
1.130172091146555337e-08
1.069740283630840225e-08
1.012165685778210714e-08
9.571192099442119781e-09
9.057664414085606684e-09
8.566496939523738516e-09
8.105112549279136012e-09
7.668561435132974370e-09
7.247994932021597312e-09
6.858603394783474515e-09
6.486331034100033320e-09
6.129351837875215848e-09
5.799028183952252155e-09
5.480036714510292510e-09
5.182725015985309187e-09
4.902528695507370774e-09
4.629903493526167495e-09
4.381790613430122838e-09
4.143193494678165527e-09
3.914158798264640924e-09
3.704378446239849422e-09
3.498435472661207588e-09
3.308386621865012514e-09
3.129110612444413619e-09
2.951940798476564395e-09
2.793713286963239891e-09
2.639697655694214112e-09
2.492757334276633244e-09
2.359471832322410077e-09
2.227005282943803668e-09
2.106944186480050381e-09
1.993717743571737638e-09
1.880517784136450730e-09
1.781495376582506810e-09
1.683292562606830867e-09
1.590258164885877863e-09
1.505921771259530891e-09
1.420556587930796130e-09
1.344269096567243548e-09
1.271764288778679037e-09
1.198612680676551443e-09
1.135695849712423254e-09
1.072254190590146782e-09
1.013034745639120799e-09
9.594074335652828843e-10
9.045646877870379510e-10
8.565197146094676920e-10
8.105232324303118797e-10
7.640141767640023801e-10
7.245019899644403366e-10
6.839989560947385028e-10
6.467214332086725532e-10
6.127750070988016537e-10
5.777383550862399123e-10
5.476089994178471654e-10
5.184169707255859800e-10
4.890245125040145391e-10
4.641856564910658534e-10
4.383923660682332047e-10
4.149710305694593123e-10
3.934511424718636512e-10
3.710231466868031210e-10
3.519638400997411140e-10
3.331620373233590890e-10
3.143690459781047887e-10
2.984346842374921487e-10
2.817438185168534351e-10
2.667602688535271337e-10
2.529157445506010031e-10
2.384858293135730659e-10
2.263483224235962963e-10
2.142196175524871045e-10
2.022818900866129612e-10
1.921200070120559139e-10
1.814052521556296082e-10
1.718889514705732107e-10
1.630474911966120696e-10
1.538387782091988247e-10
1.461092645646930577e-10
1.383141497161808803e-10
1.307580449764510712e-10
1.242203033250106742e-10
1.173645789296071974e-10
1.113006758718810148e-10
1.056130652904743881e-10
9.972341119865483364e-11
9.478515538158016577e-11
8.972958596055026062e-11
8.494830538621326332e-11
8.070237561843453862e-11
7.632256028786789306e-11
7.241322436545202503e-11
6.875039304268647048e-11
6.497502825333017973e-11
6.178382907265131108e-11
5.851003206742984340e-11
5.545405701365560401e-11
5.268695517497950662e-11
4.985641515779031244e-11
4.734454074414028541e-11
4.494630709822681688e-11
4.252820453799721498e-11
4.044525828607024566e-11
3.832451779704136912e-11
3.634817844419275532e-11
3.454404640514709335e-11
3.271049921694847834e-11
3.107478911989556559e-11
2.951291463530127594e-11
2.794834005818123719e-11
2.658688696710829860e-11
2.520071354413809815e-11
2.392592812366049989e-11
2.273734247395327275e-11
2.154669894056600033e-11
2.047992185925059838e-11
1.944743513764613087e-11
1.843600338249151039e-11
1.753175560794986353e-11
1.662617743082550456e-11
1.578545620538632741e-11
1.500146511517288259e-11
1.421761334534446995e-11
1.351314851251770843e-11
1.282805685352677862e-11
1.216170511915047224e-11
1.156067334210008201e-11
1.095936840053446759e-11
1.040161638156359353e-11
9.877167037401721325e-12
9.357200633051885246e-12
8.884239535839888348e-12
8.423688264467954193e-12
7.980341688182508083e-12
7.571182878890370674e-12
7.166860746005293646e-12
6.789954049058901993e-12
6.430529946919785827e-12
6.079371494176469796e-12
5.754077135294277274e-12
5.436594554594774805e-12
5.133796453781959594e-12
4.847563773314952872e-12
4.568887998545387130e-12
4.304657838181569279e-12
4.052929419388970008e-12
3.806802322402546273e-12
3.576714005446251564e-12
3.352314611161704686e-12
3.137160572185635361e-12
2.933716446801186058e-12
2.735395610917784160e-12
2.547141022778407925e-12
2.367425803316934620e-12
2.193378129027427916e-12
2.030023308944245958e-12
1.871924589032797368e-12
1.722469966020706474e-12
1.580752792605455371e-12
1.446271140492162597e-12
1.319696020174837230e-12
1.200831943726621399e-12
1.089786935885060104e-12
9.868751767026105057e-13
8.915108200367069815e-13
8.045697079488546016e-13
7.251333636467525156e-13
6.543368127437465535e-13
5.908540294334937612e-13
5.352818145757974822e-13
4.873223058392355637e-13
4.461151724374980245e-13
4.117609324747424131e-13
3.835381087734308988e-13
3.604761467099411595e-13
3.426306971404415957e-13
3.280823018571459522e-13
3.168259819292031067e-13
3.077882239319947988e-13
2.996513535758140539e-13
2.919536930025017551e-13
2.836833068491655293e-13
2.740780370980008826e-13
2.631790214939183222e-13
2.497679593571329072e-13
2.344943357675713056e-13
2.173123116424596093e-13
1.983006456795517206e-13
1.784583424917815550e-13
1.582890044430597542e-13
1.385905502871586553e-13
1.207463749147155463e-13
1.047548132092908248e-13
9.188178907851132029e-14
8.236605367178551950e-14
7.595201483360949864e-14
7.278432980655536152e-14
7.192498964138511563e-14
7.245603695638100440e-14
7.376776513561934110e-14
7.410330067783954351e-14
7.315155062848662666e-14
7.015320765824696443e-14
6.481670948140156064e-14
5.781085373713277101e-14
4.963960891714261782e-14
4.139822435247156908e-14
3.448538119436077898e-14
2.928678364786164176e-14
2.671983016939963516e-14
2.643873884855521739e-14
2.769906142654074221e-14
2.956420125172939929e-14
3.064043448783968704e-14
3.003094798822768254e-14
2.760330762314059223e-14
2.339719826014373633e-14
1.876554824024146887e-14
1.479984802515156427e-14
1.251388551746648280e-14
1.234973759590442412e-14
1.362103745400452520e-14
1.517964832302180265e-14
1.585288984336106845e-14
1.466522747161375848e-14
1.207834589815781600e-14
9.047442887053992263e-15
6.953862090685801921e-15
6.644041236272747747e-15
7.716916312762924428e-15
8.978613138791124697e-15
9.177032978619382388e-15
7.725195932724152188e-15
5.579219036846798462e-15
4.066809901621551246e-15
4.089039177179278766e-15
5.199689768174739093e-15
5.922169473454701797e-15
5.271937899772463144e-15
3.695088986601954081e-15
2.541279450133777645e-15
2.806608424504916764e-15
3.749389730960385319e-15
3.924830411492712033e-15
2.901780336939438920e-15
1.803332760449771367e-15
1.874205473537182648e-15
2.680026441172974769e-15
2.712115495468807417e-15
1.773942325207720649e-15
1.182558283714271646e-15
1.670378413577133979e-15
2.102075054222777687e-15
1.492295066928307288e-15
8.709106942970560646e-16
1.236221908141057413e-15
1.576837825814282734e-15
1.022706051768280360e-15
6.655687823369798312e-16
1.105990157838055122e-15
1.101914945304511836e-15
5.492224065524894430e-16
7.124244595655371575e-16
9.524573587582203070e-16
5.089025960995499983e-16
5.122195681469972361e-16
7.734445511467275273e-16
4.050633188636415891e-16
4.446723877801625204e-16
6.017529278537524768e-16
2.920880441492615714e-16
4.352900881453848590e-16
4.217695633271387321e-16
2.310557692660275178e-16
4.317107614825710640e-16
2.116866952221455954e-16
3.144600280223874690e-16
2.556270189351164358e-16
2.094663542930312091e-16
2.647306345239917634e-16
1.569023744566325216e-16
2.389474202399787732e-16
1.351201027124249536e-16
2.027337447187301986e-16
1.227888052913624351e-16
1.695136768574772999e-16
1.115225333232299955e-16
1.424062085522212785e-16
9.988300423165069537e-17
1.206938537572554902e-16
8.834502611725224113e-17
1.030641098402539577e-16
7.746644676165685055e-17
8.848052871646638673e-17
6.754666891921543813e-17
7.623552868410152927e-17
5.868044079859434551e-17
6.584812263080697316e-17
5.084927454388899794e-17
5.697702079298012492e-17
4.398192234455259275e-17
4.936734063447447794e-17
3.798705314669258659e-17
4.282029664715365669e-17
3.276951196227825994e-17
3.717583093440297487e-17
2.823796651124310954e-17
3.230220115952513637e-17
2.430821009267789936e-17
2.808935022906808373e-17
2.090430407764364243e-17
2.444441212444519539e-17
1.795865852079354074e-17
2.128848972464675815e-17
1.541160815877534523e-17
1.855423477380908921e-17
1.321076800125264107e-17
1.618396369369714513e-17
1.131031540425136664e-17
1.412815005968284778e-17
9.670273263811011224e-18
1.234419467375975051e-17
8.255831379987593398e-18
1.079540694928458386e-17
7.036722594387733742e-18
9.450152782596027216e-18
5.986659720220756488e-18
8.281135880765133967e-18
5.082832998051024085e-18
7.264788406204145896e-18
4.305465338628306560e-18
6.380751975693374647e-18
3.637420601864420396e-18
5.611434425441166837e-18
3.063860321278616087e-18
4.941630202946008762e-18
2.571943554334479373e-18
4.358194882632012441e-18
2.150565281666210209e-18
3.849765775135350495e-18
1.790128770098207600e-18
3.406521771891291975e-18
1.482347980203969367e-18
3.019977095057525082e-18
1.220076289853620209e-18
2.682804055465479757e-18
9.971584316249857070e-19
2.388680953145238182e-18
8.083027943228480819e-19
2.132161703407725886e-18
6.489716117322028994e-19
1.908564368797396107e-18
5.152869670704864566e-19
1.713876234560992167e-18
4.039507634930605158e-19
1.544673396085608977e-18
3.121771030312093454e-19
1.398053145036862904e-18
2.376358530011508214e-19
1.271577902927640931e-18
1.784062192476367748e-19
1.163229414522056545e-18
1.329396336599020271e-19
1.071372495280114508e-18
1.000311162845735318e-19
9.947275412142464271e-19
7.879883008957352233e-20
9.323514206760109132e-19
6.867140145205326870e-20
