# bin_3_2
3.195637719211103908e-08
9.045746883477407193e-09
3.034780905252308717e-08
8.809128454784196025e-09
2.927357278245515585e-08
9.041612527938790886e-09
2.873758319084734757e-08
9.758731688386133141e-09
2.875781297689858102e-08
1.099008602773947580e-08
2.936722075105370328e-08
1.278049737227324735e-08
3.061505247316726517e-08
1.519154522211465904e-08
3.256854104104145409e-08
1.830350848052526016e-08
3.531503299306799106e-08
2.221774657592322028e-08
3.896457061558315359e-08
2.705954573516185755e-08
4.365295937196798475e-08
3.298146177619919570e-08
4.954534406985312807e-08
4.016717681261708686e-08
5.684030863925645053e-08
4.883588136104791269e-08
6.577450062142071015e-08
5.924716854103179485e-08
7.662775349034997416e-08
7.170640057515281688e-08
8.972864775583698513e-08
8.657046487827038676e-08
1.054604011217498869e-07
1.042537781599462807e-07
1.242669083098394846e-07
1.252343184775572919e-07
1.466586653752399290e-07
1.500593647824349101e-07
1.732181925131500209e-07
1.793504906882897667e-07
2.046044291450684126e-07
2.138071998148133597e-07
2.415553924981513133e-07
2.542083937355734089e-07
2.848881830303707156e-07
3.014106384515722515e-07
3.354951776461525005e-07
3.563419420021062304e-07
3.943349923093974330e-07
4.199894925737473498e-07
4.624165342445883416e-07
4.933795562911829998e-07
5.407742355048496370e-07
5.775475397735784087e-07
6.304324140721964129e-07
6.734961438666800621e-07
7.323567216122198418e-07
7.821396653489034491e-07
8.473909117709294612e-07
9.042329556327114466e-07
9.761778320909767588e-07
1.040284474710170236e-06
1.119064775295953550e-06
1.190454458478361057e-06
1.275995299847223673e-06
1.354441633525056922e-06
1.446392529043193319e-06
1.531365328559119964e-06
1.629042888214737386e-06
1.719654318531936390e-06
1.821994241455394827e-06
1.916959200207610149e-06
2.022488211791226839e-06
2.120111123994343036e-06
2.226952482398021440e-06
2.325155418764206729e-06
2.431083906017299976e-06
2.527492513205102880e-06
2.630055373750963984e-06
2.722158258558327219e-06
2.818875892224650953e-06
2.904268184035073175e-06
2.992920755072865772e-06
3.069631743388553351e-06
3.148623450789784063e-06
3.215509886294279186e-06
3.284280308815988532e-06
3.341440720017215316e-06
3.400862971464806317e-06
3.449996141994367850e-06
3.502668301723054470e-06
3.547266835890414990e-06
3.597574801234881434e-06
3.642823892121321735e-06
3.696644817661928875e-06
3.748904098031067529e-06
3.812849341489659891e-06
3.878652574916509064e-06
3.958837473473950500e-06
4.043467625148772969e-06
4.143952861651013054e-06
4.249838707487968340e-06
4.371099388789617946e-06
4.496499395542765675e-06
4.634484339160961137e-06
4.773088286271603818e-06
4.919520513663238924e-06
5.061573091147599583e-06
5.205963166630980473e-06
5.341149043153245746e-06
5.474424606554318002e-06
5.595987990271752871e-06
5.714716977993001038e-06
5.823284244328915413e-06
5.932513720871241318e-06
6.037352797765042462e-06
6.149774499366182407e-06
6.265546759395508781e-06
6.395828894453071805e-06
6.534908672067494136e-06
6.690879125889104384e-06
6.854718987265987977e-06
7.030540846159851217e-06
7.206342379274532307e-06
7.384061875214862651e-06
7.551861193034059837e-06
7.713582591820106820e-06
7.861724215155820083e-06
8.005304008044118098e-06
8.142434632479032298e-06
8.285875673173664517e-06
8.435033368811235266e-06
8.599968513430240492e-06
8.774399258290995485e-06
8.960410356793425593e-06
9.144589681242665434e-06
9.324752046110516590e-06
9.488769681659638898e-06
9.640912370526140521e-06
9.779318907398780347e-06
9.917741404985383694e-06
1.005911020638762846e-05
1.021371455303188729e-05
1.037387635873753520e-05
1.053616624292446972e-05
1.068369213696623096e-05
1.081371602880948951e-05
1.092129880045010720e-05
1.102037673270475286e-05
1.111741294333356380e-05
1.122344752073317095e-05
1.132836104519039508e-05
1.142329479114115785e-05
1.149056399967855058e-05
1.153350981073373509e-05
1.155865960896963248e-05
1.158492464075861060e-05
1.161041026151592067e-05
1.162686351479752388e-05
1.161255557613194084e-05
1.156869227367426291e-05
1.150537803857494749e-05
1.144336374292759888e-05
1.137542282619263474e-05
1.128641264289245082e-05
1.116073539794029562e-05
1.101692844521525488e-05
1.087153469175961466e-05
1.072617633468322421e-05
1.055417077221515310e-05
1.035582898642803447e-05
1.015152672504983559e-05
9.959603420720514625e-06
9.755768816183534470e-06
9.531650489748091045e-06
9.308262281621305616e-06
9.108208199573551508e-06
8.904542376891684736e-06
8.693964785273811609e-06
8.504881183675461041e-06
8.345607645324845471e-06
8.183480977756535529e-06
8.041804477956371203e-06
7.940380526959577484e-06
7.854130477289779523e-06
7.782219449423272885e-06
7.760337607656132679e-06
7.751820278043966220e-06
7.764209017789069762e-06
7.818302063483089712e-06
7.880483134735886337e-06
7.961732047037500939e-06
8.072516547388265709e-06
8.170579832743786266e-06
8.297172583111234181e-06
8.407735704430173212e-06
8.521584609837951313e-06
8.627685660860666438e-06
8.714682848632693173e-06
8.797386511405867404e-06
8.852704582601624486e-06
8.903685819960208722e-06
8.930756960393215402e-06
8.955906230581373801e-06
8.967613575848721217e-06
8.984250439407207703e-06
9.000564703562358968e-06
9.030558148154893314e-06
9.071393676813695864e-06
9.131765435182672444e-06
9.207717954369837947e-06
9.302001303838496770e-06
9.407852132007444318e-06
9.523020810430031028e-06
9.638968233145591222e-06
9.751588535556508658e-06
9.853924082107229831e-06
9.944311264840343940e-06
1.002092316753972254e-05
1.008731296521124693e-05
1.014744907906957304e-05
1.020869774367278742e-05
1.027694793284286686e-05
1.035793426428161067e-05
1.045331538415555024e-05
1.056209575017028083e-05
1.067903340588236492e-05
1.079745817934810468e-05
1.091008511974057008e-05
1.101234283110204592e-05
1.110329840231544606e-05
1.118672638789954823e-05
1.126946701310541657e-05
1.135908712059333820e-05
1.146062737513481620e-05
1.157427234354994676e-05
1.169517111776014812e-05
1.181532096944324506e-05
1.192777546631993124e-05
1.202993348174088153e-05
1.212562245273777175e-05
1.222256346491644148e-05
1.232844428450369376e-05
1.244533449245711939e-05
1.256881241085551489e-05
1.268999594586937477e-05
1.280265702770483424e-05
1.290716916101777255e-05
1.301131885322003453e-05
1.312309705978863193e-05
1.324467517392925787e-05
1.336921283577203402e-05
1.348807733812293438e-05
1.359831093318277495e-05
1.370688495677390951e-05
1.382228880372555903e-05
1.394597167082077568e-05
1.406930174329325656e-05
1.418503305119194980e-05
1.429552347590258846e-05
1.441083617753184224e-05
1.453362960996463946e-05
1.465617448206510458e-05
1.477073607872026821e-05
1.488285032602809509e-05
1.500122600878263298e-05
1.512388996214372281e-05
1.524043843368792775e-05
1.535222620506961703e-05
1.546868202575878073e-05
1.558946246722060878e-05
1.570400763362476808e-05
1.581514690950980225e-05
1.593166113538406635e-05
1.604887763231840472e-05
1.615885588565901741e-05
1.627083681159673296e-05
1.638643093665442181e-05
1.649624416183954954e-05
1.660455578310840458e-05
1.671776938622868700e-05
1.682507565128019844e-05
1.693153122109394959e-05
1.704121414374905045e-05
1.714530662496979542e-05
1.725000298791075687e-05
1.735590679371804137e-05
1.745574164599787828e-05
1.755996416965315002e-05
1.765882269240262860e-05
1.775858790394305213e-05
1.785694145276835724e-05
1.795277696601589538e-05
1.804935277232854685e-05
1.814195618370824584e-05
1.823574390787932172e-05
1.832540543670853008e-05
1.841583623923145831e-05
1.850248898846523513e-05
1.858900150278646921e-05
1.867252084991732067e-05
1.875502076361866105e-05
1.883487357263534092e-05
1.891340291736253300e-05
1.898922293428714056e-05
1.906367062394587149e-05
1.913531976215039821e-05
1.920528884576765732e-05
1.927270866358366067e-05
1.933802940260429014e-05
1.940084347981494870e-05
1.946145686345696310e-05
1.951935527578200656e-05
1.957509054152371569e-05
1.962792240433164400e-05
1.967841688919389864e-05
1.972609184356917487e-05
1.977114248454087358e-05
1.981337274676390337e-05
1.985287958457368669e-05
1.988938090157367822e-05
1.992317363870086934e-05
1.995380157898094279e-05
1.998158816445154404e-05
2.000621348713342579e-05
2.002779816924867823e-05
2.004618899996851191e-05
2.006143634759910188e-05
2.007336053306348241e-05
2.008212268999738130e-05
2.008743002670926856e-05
2.008948096032101200e-05
2.008804977586478043e-05
2.008322452995418662e-05
2.007488659484679168e-05
2.006306844411346568e-05
2.004764576776107925e-05
2.002871995399371538e-05
2.000610090987962211e-05
1.997991876158147594e-05
1.995001668266809528e-05
1.991646182362636554e-05
1.987917249873380005e-05
1.983817750140502541e-05
1.979339710100705034e-05
1.974490190207342670e-05
1.969257796485769565e-05
1.963652117258057935e-05
1.957663454556636366e-05
1.951298018548972883e-05
1.944550876694998073e-05
1.937426224728598469e-05
1.929920063668960086e-05
1.922038917235699805e-05
1.913777351470051342e-05
1.905144304320947782e-05
1.896134891806565081e-05
1.886756162813180566e-05
1.877007442843564521e-05
1.866894686719348939e-05
1.856417505678246892e-05
1.845584210876297619e-05
1.834394390254229934e-05
1.822856445167171508e-05
1.810971036033406462e-05
1.798747627972496806e-05
1.786188313778869203e-05
1.773302653701154199e-05
1.760094387568007972e-05
1.746572500778775599e-05
1.732742003538652681e-05
1.718613339262094851e-05
1.704191557129944827e-05
1.689487139291898776e-05
1.674506561726705179e-05
1.659262290529622493e-05
1.643760985681261136e-05
1.628014901284587559e-05
1.612032175860530245e-05
1.595825215807153156e-05
1.579403079751801032e-05
1.562778043407679759e-05
1.545958972055326599e-05
1.528961547170463317e-05
1.511794447369692642e-05
1.494471329311306966e-05
1.477003975655547727e-05
1.459404238714386354e-05
1.441685081819314986e-05
1.423859170965498414e-05
1.405936442758322903e-05
1.387934912057181641e-05
1.369863483143511431e-05
1.351736907534282230e-05
1.333567551864402667e-05
1.315366951405585346e-05
1.297149684380267712e-05
1.278927189710374175e-05
1.260709688151577952e-05
1.242514835983719766e-05
1.224350493776720282e-05
1.206230855955485394e-05
1.188166780783310084e-05
1.170168422666230128e-05
1.152250061087894544e-05
1.134420483388474774e-05
1.116688315118876907e-05
1.099069412315458397e-05
1.081569256925479777e-05
1.064199926681354509e-05
1.046969466495262833e-05
1.029884938693306076e-05
1.012959436249231085e-05
9.961976796170168684e-06
9.796055152454857595e-06
9.631959976955478507e-06
9.469707570321353585e-06
9.309392980701497989e-06
9.151057494795231492e-06
8.994732345018316617e-06
8.840529737172367900e-06
8.688449446749750907e-06
8.538520647874470575e-06
8.390839146426896670e-06
8.245376743398838900e-06
8.102204133575533233e-06
7.961321853346045021e-06
7.822720263931260209e-06
7.686493341420360745e-06
7.552595539618354728e-06
7.421029945466016635e-06
7.291856711042741920e-06
7.165008335257278915e-06
7.040535442472397264e-06
6.918400173825599841e-06
6.798559030918770967e-06
6.681092354422690063e-06
6.565915869289383689e-06
6.453017356554835115e-06
6.342422342917400617e-06
6.234037052270939677e-06
6.127899075457692082e-06
6.023939165944753149e-06
5.922090340738569235e-06
5.822425438341623310e-06
5.724831534787898246e-06
5.629290395351918083e-06
5.535800153839233923e-06
5.444251331658917379e-06
5.354681423387066749e-06
5.266997304971033589e-06
5.181120667995648206e-06
5.097124282950331652e-06
5.014876248441830456e-06
4.934361460358682974e-06
4.855558390240713827e-06
4.778351153720434565e-06
4.702791728860444610e-06
4.628770103105116066e-06
4.556206755753628653e-06
4.485180423550999681e-06
4.415547986538168011e-06
4.347306240202290580e-06
4.280420228849422245e-06
4.214777638482761618e-06
4.150455652710063451e-06
4.087329861994366313e-06
4.025326735589243891e-06
3.964533456936570400e-06
3.904803064485363825e-06
3.846154460097761253e-06
3.788542258270929841e-06
3.731859198963924992e-06
3.676211445818611566e-06
3.621463326838397578e-06
3.567555843385175064e-06
3.514583742930356727e-06
3.462396120467826026e-06
3.411038187400520129e-06
3.360457439925054142e-06
3.310552985703258141e-06
3.261457172219582381e-06
3.213022860313674835e-06
3.165213050544402797e-06
3.118123537394074446e-06
3.071597543550365623e-06
3.025711168591503815e-06
2.980407741316078711e-06
2.935586422854230168e-06
2.891399934905436229e-06
2.847695856133987978e-06
2.804460047817559608e-06
2.761779827430700325e-06
2.719500813208552909e-06
2.677722782174569314e-06
2.636384345226906719e-06
2.595392807859375931e-06
2.554908777907545679e-06
2.514777404822741978e-06
2.475012639668864460e-06
2.435680508583351855e-06
2.396646401273827254e-06
2.358021437427136546e-06
2.319744415342134256e-06
2.281737094219605775e-06
2.244158447178467067e-06
2.206863643757708171e-06
2.169893635612427334e-06
2.133297139132986154e-06
2.096964922371052542e-06
2.061016278973717114e-06
2.025390305161387730e-06
1.990026089571115022e-06
1.955058095611651659e-06
1.920343518644457135e-06
1.885920246107591589e-06
1.851795079808809356e-06
1.817854764975587362e-06
1.784185558874509344e-06
1.750700845669158591e-06
1.717338280982413593e-06
1.684191556822170176e-06
1.651133184420909781e-06
1.618212977055413513e-06
1.585439839471737940e-06
1.552750796832207971e-06
1.520255184033470225e-06
1.487915240048273880e-06
1.455736647635482602e-06
1.423832738567858079e-06
1.392149524506771186e-06
1.360779510372580103e-06
1.329759734659895634e-06
1.299078157331300679e-06
1.268842592930719965e-06
1.239035535213102437e-06
1.209678074702224954e-06
1.180841589296174147e-06
1.152476383088741910e-06
1.124635540324527927e-06
1.097319250592916301e-06
1.070497835192021779e-06
1.044215672573099090e-06
1.018429501889402208e-06
9.931330025747475729e-07
9.683396280572586609e-07
9.439984649693123400e-07
9.201258346881985962e-07
8.967041552910436576e-07
8.737036436655503960e-07
8.511346545227526502e-07
8.289648943751659779e-07
8.071901005173882209e-07
7.858056383577036806e-07
7.647860992379333996e-07
7.441346562388730672e-07
7.238426281430071193e-07
7.038984625767531803e-07
6.842995210177666378e-07
6.650360043924653457e-07
6.461104580745194974e-07
6.275158809758541983e-07
6.092508499228661547e-07
5.913095068737382288e-07
5.736937238801977840e-07
5.564055062344399205e-07
5.394351134475063250e-07
5.227888588795425198e-07
5.064678693767963139e-07
4.904659708174965011e-07
4.747928883168140649e-07
4.594381939888488146e-07
4.444079113991118525e-07
4.297076134045955290e-07
4.153229091192303761e-07
4.012678362295554885e-07
3.875377085024044491e-07
3.741270804292738869e-07
3.610474691025195186e-07
3.482826746174771234e-07
3.358402200682727868e-07
3.237250938813800690e-07
3.119205399849403398e-07
3.004377667903159436e-07
2.892680244164518757e-07
2.784064358481025924e-07
2.678607286115991451e-07
2.576145854930566587e-07
2.476724590536964559e-07
2.380314978047884747e-07
2.286791473052416729e-07
2.196236850524130527e-07
2.108518294938442985e-07
2.023597015820234108e-07
1.941478604129169887e-07
1.862032893512692543e-07
1.785271533594074022e-07
1.711146741252683801e-07
1.639519103192788280e-07
1.570453433201487429e-07
1.503827433389763897e-07
1.439550008823882821e-07
1.377651624724799759e-07
1.317990940080086151e-07
1.260545462705292410e-07
1.205273878169773650e-07
1.152102335606523209e-07
1.100976630841099409e-07
1.051815226743684126e-07
1.004598856334310711e-07
9.592162228578826346e-08
9.156672792100227416e-08
8.738796047981080134e-08
8.337542602711438551e-08
7.953188111407779401e-08
7.584465164949126490e-08
7.231249170345417935e-08
6.892779744029984750e-08
6.568421723310698832e-08
6.258130339817796971e-08
5.961187448686630357e-08
5.677183460122253717e-08
5.405206952863926311e-08
5.145479885809774027e-08
4.897367795888415610e-08
4.659939371846190432e-08
4.433145884657310974e-08
4.216644122210454588e-08
4.010051731476595764e-08
3.812846935394131602e-08
3.624628215933335237e-08
3.444955641228288265e-08
3.273935477942804478e-08
3.110830524816960669e-08
2.954731155385523641e-08
2.806762393104670674e-08
2.665437521653241104e-08
2.530708460930274786e-08
2.403015186894801160e-08
2.280505859929131157e-08
2.164707476670065254e-08
2.054415510200293514e-08
1.948631904641437045e-08
1.849174547960651483e-08
1.753834595838020471e-08
1.663328734526677218e-08
1.577789126177518069e-08
1.495532453834669009e-08
1.418233534993273473e-08
1.344551930923736319e-08
1.274019198312278110e-08
1.207889564323411504e-08
1.144458345148065294e-08
1.084495130525902891e-08
1.027734881922337997e-08
9.732863014404441666e-09
9.222645322078787629e-09
8.736095140387647767e-09
8.271663247253537601e-09
7.835712778806684020e-09
7.418671804183374689e-09
7.025528125699048741e-09
6.652933225506040038e-09
6.296080385036171776e-09
5.962600061041871127e-09
5.644495557778575621e-09
5.341127607676253249e-09
5.056753176220870313e-09
4.784598629823617071e-09
4.528887257408937647e-09
4.286831570339049273e-09
4.054116645358065293e-09
3.838377281975558782e-09
3.632206228313011225e-09
3.435344296195908006e-09
3.251911058149606440e-09
3.074946190458010113e-09
2.909784330582096418e-09
2.753593143049466395e-09
2.601910678993078720e-09
2.463386122710119752e-09
2.330227751698363752e-09
2.203413920618743540e-09
2.086370901270913360e-09
1.971969998757756870e-09
1.866477536655072012e-09
1.766569444626423046e-09
1.668128524521590428e-09
1.579714157487565696e-09
1.493437307839338867e-09
1.411630594320505742e-09
1.336632016223444738e-09
1.262273121133013136e-09
1.194981530873773975e-09
1.131175896897618118e-09
1.067793259572088029e-09
1.012098004120554968e-09
9.568648923030261387e-10
9.050035834907745645e-10
8.575771221397174546e-10
8.096464742623682072e-10
7.670181332318110395e-10
7.261705470020640456e-10
6.852423784286663642e-10
6.497319936582598837e-10
6.138812417110908184e-10
5.806467264359729765e-10
5.502123035558705906e-10
5.191137742975694353e-10
4.920266659343793297e-10
4.658160792786586582e-10
4.395860021450696788e-10
4.170697685847153723e-10
3.940076571789060896e-10
3.729448919652504140e-10
3.535598123835763547e-10
3.335688968128156396e-10
3.164629874512620862e-10
2.996897290049534869e-10
2.830111910125242476e-10
2.687822357086563380e-10
2.540022672579614425e-10
2.406874745806307460e-10
2.283582895736605225e-10
2.155441398298486362e-10
2.046925625239384864e-10
1.938579184745749628e-10
1.831865695389871580e-10
1.740434068719246884e-10
1.644522671967012053e-10
1.558891921037045281e-10
1.479233795014607305e-10
1.396333483232387192e-10
1.326564769690674640e-10
1.256148883227361714e-10
1.187993785838651339e-10
1.128818116283291792e-10
1.066919524653210035e-10
1.011977687713776910e-10
9.605718369684371321e-11
9.072542487794101739e-11
8.624715892786448123e-11
8.167337324129240018e-11
7.733614029742494743e-11
7.348220246898529215e-11
6.950733877871160491e-11
6.596691950054857736e-11
6.263724188988302905e-11
5.920767889797548451e-11
5.631499455075726440e-11
5.333602839587293901e-11
5.056081008158610994e-11
4.804829533854569209e-11
4.547824180950465473e-11
4.318667754549325962e-11
4.101906267161444692e-11
3.881101182078425268e-11
3.692144034660731189e-11
3.498876170385738171e-11
3.319404557096252232e-11
3.155007628635897652e-11
2.987844204397571634e-11
2.839504254740409681e-11
2.696666350568095500e-11
2.554250135667146149e-11
2.430310387824381011e-11
2.303954288777681333e-11
2.187423683043534250e-11
2.079334735126160405e-11
1.970526687529930157e-11
1.873062088773219675e-11
1.779445988360169692e-11
1.686406002852065593e-11
1.604490862268090156e-11
1.521377120402558511e-11
1.444933073289752447e-11
1.373232536014137855e-11
1.301612879124779289e-11
1.237342832731656046e-11
1.174676510966342445e-11
1.113874103485605010e-11
1.058888618275904941e-11
1.003917175801740944e-11
9.529924817786066806e-12
9.050028077164186867e-12
8.574173132887719867e-12
8.142203728819435706e-12
7.721026816179429870e-12
7.313672795742584465e-12
6.941539402808633591e-12
6.570274558752492406e-12
6.224742312283729542e-12
5.897414611001921230e-12
5.573955936133658670e-12
5.276877161731000725e-12
4.986821017918779544e-12
4.707707428532173164e-12
4.447152845672713796e-12
4.190375263018778210e-12
3.949339128906467588e-12
3.717849671042871115e-12
3.492460752641693246e-12
3.281560160199353936e-12
3.075364736446036839e-12
2.878743271384447849e-12
2.691491716795151541e-12
2.509794488698737499e-12
2.337203705047416407e-12
2.172084659241969863e-12
2.012550133636743039e-12
1.862410835941338903e-12
1.717648804737020395e-12
1.579914436647359165e-12
1.450494423445624173e-12
1.326479358369973690e-12
1.210427126405194956e-12
1.101555387301266189e-12
9.991510908208903057e-13
9.050400721421202577e-13
8.173898279436432916e-13
7.372996627742209811e-13
6.649020684907315934e-13
5.994355444049736358e-13
5.414668437165915863e-13
4.903712550425520581e-13
4.463379867583607316e-13
4.086617555486487366e-13
3.771412714165272429e-13
3.512475125354715491e-13
3.302305928647685517e-13
3.137935880423821053e-13
3.006666380574743933e-13
2.902994544585498695e-13
2.821684208597752900e-13
2.746661412683401996e-13
2.677306165957542698e-13
2.601631088038596072e-13
2.514431497796086086e-13
2.414227277715043399e-13
2.292066741708828426e-13
2.151275436886828227e-13
1.994133969369816444e-13
1.818886599787756374e-13
1.637220029847331885e-13
1.451386176841631252e-13
1.271076896331860152e-13
1.106405663833634613e-13
9.601588025189821952e-14
8.415323509652171783e-14
7.544040370321706771e-14
6.954443294362162862e-14
6.667961484107031339e-14
6.587129863356431570e-14
6.644716482032859476e-14
6.760446259509468142e-14
6.799841315181545046e-14
6.710168567272814010e-14
6.437916184779280854e-14
5.946919400669196815e-14
5.304666757697449345e-14
4.550979973216032055e-14
3.797318230022062178e-14
3.156735903397036418e-14
2.683880570224404693e-14
2.444859678577868017e-14
2.422516223033019487e-14
2.537682686734814309e-14
2.712191876413813768e-14
2.809867315873628636e-14
2.757592113589218671e-14
2.531134428514901744e-14
2.147756064653345424e-14
1.719041828596222108e-14
1.356365765834925533e-14
1.144752547535810113e-14
1.131601954971065657e-14
1.247449740260638612e-14
1.393597309920538136e-14
1.453574291748484645e-14
1.346943456713185243e-14
1.106938182444744286e-14
8.298261326205273586e-15
6.358032124950721542e-15
6.089152541839698068e-15
7.065347267629244227e-15
8.246550318879660339e-15
8.413678524907239570e-15
7.096186070778322276e-15
5.105277341529709849e-15
3.728414251687069960e-15
3.737746541833217563e-15
4.774171511187446047e-15
5.429140520790478471e-15
4.844476155593057824e-15
3.379926885782189359e-15
2.331413965799280011e-15
2.564537195443073755e-15
3.445334907051909474e-15
3.597565176528644291e-15
2.665765261362769828e-15
1.645213593853964283e-15
1.721189486835258433e-15
2.453948276518786291e-15
2.494227963871446789e-15
1.621130839968554252e-15
1.085906188928820197e-15
1.527457996053235746e-15
1.933438491646928176e-15
1.364552496392645774e-15
8.004054226175414183e-16
1.129390419145596311e-15
1.451311292328248685e-15
9.337654365686690586e-16
6.121770414806848790e-16
1.011512951033388857e-15
1.014355196854626441e-15
4.993823276608403729e-16
6.560611077696774774e-16
8.712586759142244352e-16
4.689569914022109890e-16
4.663684482031983089e-16
7.126974712929835380e-16
3.683134516545601496e-16
4.099704777260440462e-16
5.499123694646440463e-16
2.696343976814635991e-16
3.969078508659042336e-16
3.892386243953587165e-16
2.091334097988000012e-16
3.984626728653558324e-16
1.916387116609929860e-16
2.904979167701411744e-16
2.324177107015917931e-16
1.938208775116401620e-16
2.410635655385140387e-16
1.454342039739016127e-16
2.175416090765017999e-16
1.253921399357537741e-16
1.843879965242128729e-16
1.140449758140674437e-16
1.539724528534240748e-16
1.036693169975919588e-16
1.291703450656022138e-16
9.294209579971771932e-17
1.093224845267075573e-16
8.230230469462620497e-17
9.322139285695781910e-17
7.226513023090892077e-17
7.991375862758339577e-17
6.310743566457495482e-17
6.874908272974031931e-17
5.491736697503708461e-17
5.928546630275962212e-17
4.767860723514571662e-17
5.120956905993776283e-17
4.132611537772853043e-17
4.428752969718164861e-17
3.577624910082830120e-17
3.833705668259386468e-17
3.094175930701776147e-17
3.321143943186669713e-17
2.673884740485706290e-17
2.878996785789551976e-17
2.309021897813234949e-17
2.497183449344079490e-17
1.992614530381535496e-17
2.167200341871327377e-17
1.718454544016531774e-17
1.881824965428619262e-17
1.481060212423688060e-17
1.634893682184778829e-17
1.275617379257615586e-17
1.421128731506399762e-17
1.097913801439864547e-17
1.235999893818956433e-17
9.442735100813856506e-18
1.075611635542576672e-17
8.114946496246155579e-18
9.366096783945845931e-18
6.967922962734643067e-18
8.161028411023279079e-18
5.977468358070024812e-18
7.115971449526548982e-18
5.122578735521139836e-18
6.209399257074603441e-18
4.385034356564704428e-18
5.422722584263475126e-18
3.749040321905771447e-18
4.739883083824153640e-18
3.200911430026921648e-18
4.147005277431622343e-18
2.728796638564983251e-18
3.632098076428611162e-18
2.322438748133987680e-18
3.184798433034705314e-18
1.972965166099825050e-18
2.796151064977884814e-18
1.672706196248719089e-18
2.458419060219076859e-18
1.415037327634524463e-18
2.164921023453186856e-18
1.194242757513570881e-18
1.909891170342960663e-18
1.005397424453567651e-18
1.688359192888433240e-18
8.442653642877882922e-19
1.496047309497759761e-18
7.072123291825262598e-19
1.329282279652978984e-18
5.911311026088905016e-19
1.184920477002317187e-18
4.933778806930994002e-19
1.060284486333839652e-18
4.117186752612209229e-19
9.531098722403206838e-19
3.442845335346274262e-19
8.615010561293742256e-19
2.895348793833489532e-19
7.838954483803259379e-19
2.462281826044177163e-19
7.190350919644350517e-19
2.133995300721590186e-19
6.659453560450101531e-19
1.903446653375570613e-19
