# bin_3_1
4.843109196180653662e-06
2.810581447315430801e-06
4.714960051381585585e-06
2.780745383935980614e-06
4.650010483220977732e-06
2.814029714572078933e-06
4.653294962551711654e-06
2.916345464068598335e-06
4.731486422259392421e-06
3.095352791844601962e-06
4.893133239652746226e-06
3.360718405150823981e-06
5.148937895526386807e-06
3.724416595054069532e-06
5.512081137046544246e-06
4.201077542659418067e-06
5.998595017688879690e-06
4.808385879326110767e-06
6.627787271891090921e-06
5.567531272468254631e-06
7.422717923133166285e-06
6.503710844684100270e-06
8.410726587814478707e-06
7.646680248718810283e-06
9.624005322282162055e-06
9.031345887832548206e-06
1.110020670477053550e-05
1.069838467657527664e-05
1.288306969257919024e-05
1.269486940092413090e-05
1.502303612820801834e-05
1.507486658659919195e-05
1.757781798157841125e-05
1.789995920025840852e-05
2.061285886445209060e-05
2.123962782590454684e-05
2.420161238679709222e-05
2.517140056579528551e-05
2.842553398023458155e-05
2.978065333096677298e-05
3.337365155104412916e-05
3.515990826406810205e-05
3.914154384120004343e-05
4.140743919798562950e-05
4.582951452054095069e-05
4.862495068231066620e-05
5.353970684589982870e-05
5.691405405090921982e-05
6.237186202764790179e-05
6.637122524966721751e-05
7.241739060932401452e-05
7.708090266889533330e-05
8.375141002116349748e-05
8.910638097335844810e-05
9.642241732912662543e-05
1.024781958289708138e-04
1.104393338478605748e-04
1.171797972952098177e-04
1.257558036458309174e-04
1.331305055167718559e-04
1.422518830121129228e-04
1.501660657302164613e-04
1.597136590819931584e-04
1.680176077591458942e-04
1.778119196730631503e-04
1.862905021044198163e-04
1.960817916318130755e-04
2.044455103149857560e-04
2.139062783695446000e-04
2.217857398292712287e-04
2.305078222080403068e-04
2.374541640201783058e-04
2.449532839506041973e-04
2.504476968269235245e-04
2.561788505683806742e-04
2.596547275306816996e-04
2.630419814599201079e-04
2.639231663252193313e-04
2.644070326944883160e-04
2.621647801443320082e-04
2.592689248267029023e-04
2.534981077635119857e-04
2.469142983436558116e-04
2.374256916240088618e-04
2.271112575351354440e-04
2.140311328555623781e-04
2.003066898815177737e-04
1.841676276542367446e-04
1.677949043240012351e-04
1.495935860207415655e-04
1.318053375577841362e-04
1.129962190312628403e-04
9.544523041934601640e-05
7.783696884683528308e-05
6.243331476500838645e-05
4.796252229682112801e-05
3.658283100771914299e-05
2.696238986927270646e-05
2.104646558300436835e-05
1.732646356367313127e-05
1.742604252507883812e-05
1.956156758014815174e-05
2.496554792297467750e-05
3.154335986688290154e-05
4.015274457346640422e-05
4.845994043832739637e-05
5.708871210092586007e-05
6.367051230486724849e-05
6.886371202943017552e-05
7.057641904276516483e-05
6.983760303189835803e-05
6.515182258732484823e-05
5.818617688067560144e-05
4.820433565306759735e-05
3.753073063058799420e-05
2.602286659929002491e-05
1.630241156266113567e-05
8.271497006860320211e-06
4.162932756179908329e-06
3.178796256653387167e-06
6.482730973931556047e-06
1.209265883305199123e-05
1.995535418480086395e-05
2.718880463838398940e-05
3.327733407467035247e-05
3.559284537963449411e-05
3.453669994959003781e-05
2.905197408277109184e-05
2.137517600957992495e-05
1.221111213504072147e-05
4.897619033657723020e-06
2.586840297817283364e-07
4.951850924152012170e-07
4.293501126944646414e-06
1.118578025639117175e-05
1.758130038228639669e-05
2.192863258587637537e-05
2.140795534521414514e-05
1.698459143903748031e-05
9.378076607245160556e-06
2.654524952960140267e-06
-1.216372238100587490e-06
3.103329527832718157e-07
5.342029277043943284e-06
1.186052745171273496e-05
1.516725208933347664e-05
1.399612913339558242e-05
8.037715243460352726e-06
1.737931473686772244e-06
-1.716449178723152132e-06
6.648149457975422680e-07
6.099202180386174022e-06
1.097187074630397081e-05
1.040554243522706373e-05
5.462777800514380627e-06
-4.423245456732819547e-07
-1.369068839869644796e-06
2.593339781801629023e-06
7.929521381478270810e-06
8.137767210055615861e-06
3.518818274668634777e-06
-1.492162224995293210e-06
-4.781756875061709372e-07
4.363261006440820098e-06
7.133907911906031339e-06
3.280613425302230967e-06
-1.274227963138237595e-06
-6.523631455193796653e-07
4.484542255116887663e-06
5.093382719217706852e-06
5.979071294720579729e-07
-1.924056804518635242e-06
2.327524581169059591e-06
4.554571736542917147e-06
7.983825853942224609e-07
-1.964868814896503672e-06
2.267755213333217016e-06
3.492597060237087225e-06
-6.866240534246084331e-07
-1.064698088457255064e-06
3.371729522892545289e-06
8.667152594217781260e-07
-1.694223699754782917e-06
1.893285876031130106e-06
1.800531262194833528e-06
-2.051087295289894392e-06
1.815011369814484900e-06
1.069497758893152840e-06
-1.581830322856750666e-06
1.833465421731007147e-06
1.653734388509978640e-07
-1.127493581636830405e-06
2.356901422843936736e-06
-1.899326489928884094e-06
1.613075641521691516e-06
-4.523605720363291562e-07
-3.523515342223827774e-08
8.051747712759388745e-07
-8.875930812403862317e-07
1.142712488688981965e-06
-9.674864485616938276e-07
9.614515931789099599e-07
-7.628739810400221907e-07
6.707669274855977288e-07
-5.525524204260922993e-07
4.317054335645911303e-07
-4.079734209743024381e-07
2.665711011897431170e-07
-3.199205187415109542e-07
1.585758486751097778e-07
-2.661439524168218581e-07
8.888546028784917108e-08
-2.308976715546405140e-07
4.338081821100037860e-08
-2.064118831183609775e-07
1.187758500159994824e-08
-1.898809079726056725e-07
-1.256103776410334713e-08
-1.800274888370427211e-07
-3.340564199412258382e-08
-1.747150381598799755e-07
-5.080041188487469368e-08
-1.705644526858552727e-07
-6.315246710153515818e-08
-1.645972824516289333e-07
-6.975844230588739058e-08
-1.563269477458981270e-07
-7.243895898384151098e-08
-1.478793071277213441e-07
-7.430776790758145098e-08
-1.413176461870722903e-07
-7.656916323417121625e-08
-1.357676759521924723e-07
-7.718189191006921614e-08
-1.282136712291089757e-07
-7.382847750117416245e-08
-1.176264165432891401e-07
-6.762498331922067446e-08
-1.064985873476897172e-07
-6.154349212324625373e-08
-9.654638534938124177e-08
-5.531746197775247449e-08
-8.544087171855160083e-08
-4.602891478507007227e-08
-7.127309677985731509e-08
-3.409893525924424943e-08
-5.637312838569132969e-08
-2.221143303184398053e-08
-4.169380407375311720e-08
-8.923126789268273495e-09
-2.447437939008418216e-08
7.460180155293319637e-09
-5.509615507271260097e-09
2.433327709330788143e-08
1.331591157387143558e-08
4.232809148544203940e-08
3.448090629779790402e-08
6.304086212099324759e-08
5.703134025732568328e-08
8.424292081576353123e-08
8.035744412087392307e-08
1.076683854971890058e-07
1.061152955449313201e-07
1.325067383465959947e-07
1.322674801698531313e-07
1.585693682585042979e-07
1.606901180467837964e-07
1.866494239657786468e-07
1.898463731123548916e-07
2.156455768621032198e-07
2.209183038445566537e-07
2.465381333206254093e-07
2.528330880534674723e-07
2.785905058857625633e-07
2.866960697119620301e-07
3.121822804000797527e-07
3.214240685051629475e-07
3.473264019973572557e-07
3.577964110518470374e-07
3.835136413126500222e-07
3.954862214058058678e-07
4.213651864281844999e-07
4.342799552044533624e-07
4.605855475364436112e-07
4.745734737741437430e-07
5.009495362636877689e-07
5.162470685956049668e-07
5.426942678098476364e-07
5.590990916912848254e-07
5.858568762329194788e-07
6.031453250746425349e-07
6.303147812844651787e-07
6.484373760651328754e-07
6.759497658218565430e-07
6.949654713632523204e-07
7.227491642337489275e-07
7.426663315840336085e-07
7.707137563405534248e-07
7.914835952762812447e-07
8.198115548573801488e-07
8.413585094336889712e-07
8.699543847158027142e-07
8.922316057946598297e-07
9.210690239269504310e-07
9.440376565561157713e-07
9.730965747967246014e-07
9.966883716938548540e-07
1.025964020747401896e-06
1.050126484880001003e-06
1.079608015775228445e-06
1.104316770281304950e-06
1.133987564810860891e-06
1.159210586254999398e-06
1.189055874150042566e-06
1.214752862532806912e-06
1.244763161849166003e-06
1.270882024708990286e-06
1.301039362317137153e-06
1.327548219898302896e-06
1.357825838156523926e-06
1.384689783841291917e-06
1.415057263734243619e-06
1.442224679865618318e-06
1.472658636849440408e-06
1.500078524902863498e-06
1.530547166286435620e-06
1.558175512326965378e-06
1.588641773328856878e-06
1.616436318287987521e-06
1.646859600204058333e-06
1.674765241862485001e-06
1.705109903976415131e-06
1.733068328194702239e-06
1.763289286984132231e-06
1.791244638327187685e-06
1.821294389025784012e-06
1.849198358634923180e-06
1.879028473343795405e-06
1.906819536979093677e-06
1.936379430140083926e-06
1.963987086678247779e-06
1.993223739295327422e-06
2.020590367328386704e-06
2.049449183075673102e-06
2.076518066808163069e-06
2.104936588686065888e-06
2.131636234930981951e-06
2.159553572844456457e-06
2.185810509277181582e-06
2.213169380944213182e-06
2.238918118131383852e-06
2.265649556531438364e-06
2.290821115648006241e-06
2.316858961158929108e-06
2.341378307678550383e-06
2.366648129210164884e-06
2.390435537781255406e-06
2.414877625812836529e-06
2.437866198838168301e-06
2.461401256067134304e-06
2.483510247534380412e-06
2.506071874585989108e-06
2.527224288152590164e-06
2.548729424209248327e-06
2.568846004290164146e-06
2.589232753701875044e-06
2.608251885833210992e-06
2.627440922136744612e-06
2.645267620794301512e-06
2.663191097660779265e-06
2.679752946415731331e-06
2.696330982360741029e-06
2.711559504158839499e-06
2.726730505553233737e-06
2.740573790016036523e-06
2.754264985962154014e-06
2.766619490770781013e-06
2.778773121776408808e-06
2.789580777191516672e-06
2.800126862756811147e-06
2.809335878341345237e-06
2.818225362283002034e-06
2.825811365264096136e-06
2.832988262817771989e-06
2.838849298242359136e-06
2.844276507311788206e-06
2.848374854142496525e-06
2.852008793505428790e-06
2.854322564464629800e-06
2.856127790861581026e-06
2.856670621306872995e-06
2.856627528080975301e-06
2.855313335625994820e-06
2.853416136498534955e-06
2.850244475871500676e-06
2.846494460177708359e-06
2.841480318622133622e-06
2.835862385164884763e-06
2.829066667595959299e-06
2.821601110198875094e-06
2.812963647787686807e-06
2.803692455705250424e-06
2.793260641078326681e-06
2.782238437931387482e-06
2.770062693457213607e-06
2.757287452962799968e-06
2.743484011419981161e-06
2.729027917854760416e-06
2.713566756552641409e-06
2.697516130965285809e-06
2.680486547968078201e-06
2.662952708100114353e-06
2.644439051154285708e-06
2.625425090006405741e-06
2.605591955372050988e-06
2.585213355816515297e-06
2.564058181873096963e-06
2.542438332793526437e-06
2.520075740138541453e-06
2.497371916155815301e-06
2.473911452537348148e-06
2.450120498285150762e-06
2.425756511771829161e-06
2.401014469822705992e-06
2.375764351912108100e-06
2.350223180225561253e-06
2.324199093790192496e-06
2.298039086905679784e-06
2.271363338048855342e-06
2.244556531428310302e-06
2.217426499717842877e-06
2.190109254814034988e-06
2.162551893632727401e-06
2.134885973525386510e-06
2.106990725928840692e-06
2.079165732944829815e-06
2.051051364941277973e-06
2.023000198240507832e-06
1.994844836486452246e-06
1.966685413936613114e-06
1.938517690658212530e-06
1.910400131037905260e-06
1.882269194995136890e-06
1.854382153596104665e-06
1.826391617258934982e-06
1.798625243523067206e-06
1.770925017574016089e-06
1.743369587805979388e-06
1.715987613391617450e-06
1.688768446164186247e-06
1.661698439473413344e-06
1.634994730059955279e-06
1.608319160646811049e-06
1.581980034198942045e-06
1.555821534255401157e-06
1.529911945014664451e-06
1.504303022843890343e-06
1.478916225613868734e-06
1.453784122670347336e-06
1.429085659004803282e-06
1.404493806744675621e-06
1.380304538222488122e-06
1.356357369654635437e-06
1.332719175142911568e-06
1.309454410751275580e-06
1.286421160744451302e-06
1.263699283657501609e-06
1.241434895878697515e-06
1.219314623233444522e-06
1.197621812363858575e-06
1.176183065384473696e-06
1.155074412068774095e-06
1.134371892849405904e-06
1.113878511957433016e-06
1.093716337732015696e-06
1.073996214447371713e-06
1.054426037089991239e-06
1.035283356401335686e-06
1.016376798633940665e-06
9.977921061061456752e-07
9.796149896606653310e-07
9.616094946128179184e-07
9.439366828965955467e-07
9.266640538556390128e-07
9.095291824983361805e-07
8.928115736664710404e-07
8.762962342170332163e-07
8.600756508305939494e-07
8.442510815645404811e-07
8.285590299347549887e-07
8.131856977751066145e-07
7.981603481305640805e-07
7.832615440666643812e-07
7.687570116527325556e-07
7.544178171090193580e-07
7.403470797053350561e-07
7.266468554133982268e-07
7.130469288890121872e-07
6.997506662784521649e-07
6.867421857116400830e-07
6.738584891647139194e-07
6.613322696325864184e-07
6.489389306997647509e-07
6.367867020367038706e-07
6.249693583461431549e-07
6.132272999212542509e-07
6.017659734939076889e-07
5.905359245136869197e-07
5.794253059534670939e-07
5.686327234240347070e-07
5.579383857418033938e-07
5.474571432703664772e-07
5.372644776930564616e-07
5.271259851205514528e-07
5.172370825030353387e-07
5.075265211312475155e-07
4.979262308008822464e-07
4.886033000289617249e-07
4.793493474961731346e-07
4.702875275176914896e-07
4.614753649219881549e-07
4.527184065783360256e-07
4.442011065769025556e-07
4.358466180404983284e-07
4.276264237266972723e-07
4.196783829521218538e-07
4.118091284832526182e-07
4.041408718621281340e-07
3.967023131661740187e-07
3.893238129793507753e-07
3.821501370563103646e-07
3.750810852110512416e-07
3.680956654551804894e-07
3.612860418682402301e-07
3.544625305812386983e-07
3.477325729273541338e-07
3.410997960164962362e-07
3.344339056816402236e-07
3.278656750842743435e-07
3.213117783575220729e-07
3.147866976792834299e-07
3.083810754203513707e-07
3.019493586329917195e-07
2.956092918732122545e-07
2.893591548822317653e-07
2.831096825741838453e-07
2.769742440765999034e-07
2.708727239310889705e-07
2.648243152739379666e-07
2.589019277672001691e-07
2.529800954838396786e-07
2.471640853649377325e-07
2.414444275041892565e-07
2.357657864874572302e-07
2.302237343200422392e-07
2.247526134334931188e-07
2.193799790256817739e-07
2.141631400172785076e-07
2.089978662846844848e-07
2.039731262706986836e-07
1.990630962728135807e-07
1.942319342986008859e-07
1.895406733622302465e-07
1.849277149191652356e-07
1.804128509377822845e-07
1.760339172452038786e-07
1.717016770491600494e-07
1.674874344370542130e-07
1.633606905373095962e-07
1.593000856818888337e-07
1.553495125891478121e-07
1.514541927620082126e-07
1.476356732424992240e-07
1.439193706791377015e-07
1.402327892923147342e-07
1.366344313823146002e-07
1.330942847349638296e-07
1.296026769871971157e-07
1.261942404874625861e-07
1.228204069347003819e-07
1.195058173719528229e-07
1.162690650991850216e-07
1.130541408816578734e-07
1.099123589319899681e-07
1.068171684271751631e-07
1.037666719516365694e-07
1.007885172912373350e-07
9.783929908358943929e-08
9.494695464797969016e-08
9.212372596398011940e-08
8.932550091630188692e-08
8.659609429366260398e-08
8.390940248201515266e-08
8.126963785287413202e-08
7.870069333996593368e-08
7.616167474005501467e-08
7.367975395183261417e-08
7.126405916362501819e-08
6.887940848601278985e-08
6.656208918111625347e-08
6.428848321368072843e-08
6.206561947024827627e-08
5.991105185031429926e-08
5.778895113328048514e-08
5.572787523826431739e-08
5.372660407975921116e-08
5.176073092105253869e-08
4.986194715385133202e-08
4.800560744686282287e-08
4.619877292253869079e-08
4.445825917251779437e-08
4.275027433994843828e-08
4.109876541255910073e-08
3.950413326700679487e-08
3.794305393485418155e-08
3.644451084666260435e-08
3.498429807151112698e-08
3.357009385956110258e-08
3.221520731945834115e-08
3.088878383374610373e-08
2.961497956275041682e-08
2.838607050605669372e-08
2.719211786962868318e-08
2.604930667478029282e-08
2.493904165247932174e-08
2.386947173735226701e-08
2.284845060458378353e-08
2.185279770939942592e-08
2.090020870384218171e-08
1.998409907992644971e-08
1.909750571276107043e-08
1.825340345263595839e-08
1.743421111103185829e-08
1.664825759538882937e-08
1.590206951932367666e-08
1.517442070231316842e-08
1.448274728554140094e-08
1.381860242220361397e-08
1.317682708909711162e-08
1.257062416696748508e-08
1.198157104850396522e-08
1.141856082179597439e-08
1.088724387349679582e-08
1.036778662672187983e-08
9.877951571788026125e-09
9.407832300570230271e-09
8.953999851498028483e-09
8.528760228552202953e-09
8.114280639899509324e-09
7.720288930077097796e-09
7.349472316892259950e-09
6.986955660407851881e-09
6.647193784483169989e-09
6.320559243690201879e-09
6.006868953285716113e-09
5.713717217386668869e-09
5.427843603839603301e-09
5.157539783242380713e-09
4.902820508583213142e-09
4.655062344123585033e-09
4.423165873225626104e-09
4.200098835302522991e-09
3.987175435663291639e-09
3.788197503678338840e-09
3.594296795781399245e-09
3.411666223791779158e-09
3.239403695936867471e-09
3.072544332584132784e-09
2.916729982466092204e-09
2.766810467571522323e-09
2.623885816063639903e-09
2.490909094730175995e-09
2.360948421802985928e-09
2.239107165688543302e-09
2.124405085653919395e-09
2.013148595104659718e-09
1.910016787342818309e-09
1.810372392369098753e-09
1.715341290125720442e-09
1.627615693814100276e-09
1.541242648190274984e-09
1.460968694141157446e-09
1.385308270421175752e-09
1.311813235228429110e-09
1.244337633852444661e-09
1.178759766422578040e-09
1.116263033815486468e-09
1.058870165275474817e-09
1.001925594504462559e-09
9.494712057469706885e-10
8.997581495501434411e-10
8.515203928502529970e-10
8.075579121707945315e-10
7.647153731989165758e-10
7.241276791095048796e-10
6.868442182733273273e-10
6.498282709422582538e-10
6.159121143683114360e-10
5.834870759709438963e-10
5.521014290957564984e-10
5.233585485976168007e-10
4.953498801304728872e-10
4.689266237527415164e-10
4.444458403050429908e-10
4.204490127914211854e-10
3.985159725897780823e-10
3.775299108742226329e-10
3.574381247316232460e-10
3.388549129962877788e-10
3.209422090786533548e-10
3.040543475734664389e-10
2.881198383276228271e-10
2.727683897671174766e-10
2.584946839693571395e-10
2.448547411509252579e-10
2.318820735696290167e-10
2.196201791064575696e-10
2.080322611114597030e-10
1.970940045511664162e-10
1.866219929340861172e-10
1.768007578426771340e-10
1.674794527490263587e-10
1.586759259056611389e-10
1.503616184236047510e-10
1.423310642669025505e-10
1.349398155677851521e-10
1.278917069381438930e-10
1.210925769812518998e-10
1.148779842064687216e-10
1.088204563388377846e-10
1.031940842350506218e-10
9.790713205797286256e-11
9.267224993230985385e-11
8.797603770593177670e-11
8.341251603214915423e-11
7.900028713600110994e-11
7.501934297526403480e-11
7.103624454495627878e-11
6.739599889739466073e-11
6.397340290695778739e-11
6.052592136915883042e-11
5.750608695480759476e-11
5.451564125844678598e-11
5.165313764407647322e-11
4.907482264289359626e-11
4.646426845857238348e-11
4.411075851124586141e-11
4.189015433469599269e-11
3.963342796129157709e-11
3.768857480138518418e-11
3.572670809311271838e-11
3.387437599492623024e-11
3.220131394772916960e-11
3.049141261499365422e-11
2.896794227535888971e-11
2.751963755519259869e-11
2.604949840578528940e-11
2.478617749735909935e-11
2.349983760279355330e-11
2.229818426219496892e-11
2.120607205266145635e-11
2.008195374309697606e-11
1.909551459564543965e-11
1.814306396152510212e-11
1.718679598946781253e-11
1.635980753121938374e-11
1.551755724689224891e-11
1.473458768308843698e-11
1.401834030364784590e-11
1.328224097573582917e-11
1.263825115572060305e-11
1.200997180758630180e-11
1.138630335470448227e-11
1.084292881650908780e-11
1.028622555575567592e-11
9.775656672392755859e-12
9.301506351351045978e-12
8.818661857219052154e-12
8.395159400634963308e-12
7.978929120598784522e-12
7.571878032790993171e-12
7.210641788670418038e-12
6.845544355553093691e-12
6.507684581421394825e-12
6.195729555587064259e-12
5.876910029029657066e-12
5.598400696080817102e-12
5.320815300961439593e-12
5.055955977615578111e-12
4.814545191224176707e-12
4.574710253075529558e-12
4.351760070332645178e-12
4.144223526380090168e-12
3.935435709025319986e-12
3.750866840005897564e-12
3.566349977741373517e-12
3.393261232061482888e-12
3.232029226479917668e-12
3.074763087465651287e-12
2.926555240687103150e-12
2.789809371335828839e-12
2.652148136849044702e-12
2.529876843450423814e-12
2.407672376797715237e-12
2.294357041753374257e-12
2.186525506663823764e-12
2.083563290786168792e-12
1.985286557992786496e-12
1.894437841958420417e-12
1.803973185147241519e-12
1.722746142491868487e-12
1.641239635314749951e-12
1.567051828155872272e-12
1.494090923528443748e-12
1.426490615212265516e-12
1.360301642267825537e-12
1.299521619179751858e-12
1.238904437541294244e-12
1.183952778836376445e-12
1.128664922891540423e-12
1.078340782816569891e-12
1.028161131497885370e-12
9.820549171786874790e-13
9.358715837088582205e-13
8.937992334168131943e-13
8.512669149960879800e-13
8.127445080604232107e-13
7.734917997775225425e-13
7.379823125450389078e-13
7.019341642051157013e-13
6.694235420897516915e-13
6.362378371341312971e-13
6.064005126260271197e-13
5.761763371765616578e-13
5.490396478207303257e-13
5.214660948930074654e-13
4.970928106940309304e-13
4.720890978000465647e-13
4.504616310146309303e-13
4.280032890581290535e-13
4.086123639852683356e-13
3.887958360379825411e-13
3.714977565121510244e-13
3.537241561120802621e-13
3.384189268726623589e-13
3.221831831864568399e-13
3.085372640062149151e-13
2.936066956030788544e-13
2.809109748344925079e-13
2.672280577476084816e-13
2.552990514601946517e-13
2.424921440852017512e-13
2.314902343661538932e-13
2.194493895713432433e-13
2.095500234599131808e-13
1.985461942903535603e-13
1.896491654023632857e-13
1.799851027268527619e-13
1.721519913313098720e-13
1.636466232424368459e-13
1.568471097804665844e-13
1.491096302712999042e-13
1.430737630776904556e-13
1.358322710548772178e-13
1.300980362790808848e-13
1.232954030076622911e-13
1.178276660184988689e-13
1.115084445528950252e-13
1.066105027527088590e-13
1.009151827037630939e-13
9.681287316983465941e-14
9.181837710942197696e-14
8.825469858281354418e-14
8.376013863634277907e-14
8.038615278712699892e-14
7.608192177077186137e-14
7.284531589284095566e-14
6.874614883706756073e-14
6.592878235051122877e-14
6.232304663833435520e-14
5.998516425775438584e-14
5.684773359540769025e-14
5.470498321298065762e-14
5.169662607205855460e-14
4.958943617327938208e-14
4.669844827921589206e-14
4.490111154066388182e-14
4.240156454262622548e-14
4.093947142988914527e-14
3.867990273500821516e-14
3.722817597532314636e-14
3.501016630812347401e-14
3.366876785133947577e-14
3.171866372528297337e-14
3.069464147905348394e-14
2.892726861228124122e-14
2.790829948134169267e-14
2.616363264350614103e-14
2.524869007948394816e-14
2.377836964375045689e-14
2.304913491788082121e-14
2.161854539223672542e-14
2.087520849688682959e-14
1.954898240532396817e-14
1.900177515020310820e-14
1.782619794068599148e-14
1.725216975822413812e-14
1.611165182946072312e-14
1.567461139118610824e-14
1.468143034939424628e-14
1.425263877694497268e-14
1.326823152783106754e-14
1.295365097063021782e-14
1.209090388960862105e-14
1.175492622433181369e-14
1.093936961303798241e-14
1.071023823249912140e-14
9.941264807019234703e-15
9.705542035623836687e-15
9.025940538592193301e-15
8.842142196903133386e-15
8.169882497069492656e-15
8.037317432713413186e-15
7.428856155576355666e-15
7.289752648414503268e-15
6.744719130025603104e-15
6.634028523448890128e-15
6.106827860517248469e-15
6.040878943274443143e-15
5.535887813150494811e-15
5.490737529647373069e-15
5.026110189820948201e-15
4.987148253613528159e-15
4.563138272515403442e-15
4.531953564092708946e-15
4.140018964856592936e-15
4.120788218134555351e-15
3.754292667346843863e-15
3.748124092850312919e-15
3.403772020186285282e-15
3.409577194661753592e-15
3.085710123696951846e-15
3.101787676388572573e-15
2.797195727600281334e-15
2.821943629989523923e-15
2.535468237519380420e-15
2.567535030959892274e-15
2.298014852811293542e-15
2.336271537206620377e-15
2.082569488523018419e-15
2.126057467684966328e-15
1.887087557670870929e-15
1.934978969475221254e-15
1.709720418579084238e-15
1.761291829938443937e-15
1.548793807754881721e-15
1.603408623086115969e-15
1.402789816875891606e-15
1.459885795178526038e-15
1.270331466195719475e-15
1.329411245779375261e-15
1.150169198312427196e-15
1.210792689310786434e-15
1.041168874626324400e-15
1.102946899764347794e-15
9.423010126657753358e-16
1.004889846553429503e-15
8.526310875219882294e-16
9.157276855351218375e-16
7.713107677427199420e-16
8.346485510086164798e-16
6.975699833158356255e-16
7.609150886456534669e-16
6.307097408329055682e-16
6.938576693377016935e-16
5.700956129936529194e-16
6.328682266571376122e-16
5.151518388398618706e-16
5.773946644572377131e-16
4.653559783055953735e-16
5.269357854372127549e-16
4.202340710685893392e-16
4.810366958606377087e-16
3.793562549228173552e-16
4.392846457211673337e-16
3.423328038845025803e-16
4.013052679080237302e-16
3.088105504754894431e-16
3.667591835664809440e-16
2.784696608277725826e-16
3.353389446716559108e-16
2.510207348510074467e-16
3.067662882797995371e-16
2.262022074468961562e-16
2.807896803146752164e-16
2.037780299685473414e-16
2.571821300327394839e-16
1.835356146558032200e-16
2.357392595550636606e-16
1.652840278152017601e-16
2.162776160669299582e-16
1.488524209974107818e-16
1.986332175925887008e-16
1.340886926019032417e-16
1.826603265655624166e-16
1.208583758818089367e-16
1.682304490109720911e-16
1.090437528970355008e-16
1.552315607769721799e-16
9.854319783568198273e-17
1.435675663132909546e-16
8.927075723048031562e-17
1.331579997298021420e-16
8.115597910438884004e-17
1.239379825637138713e-16
7.414400790689215098e-17
1.158584577289795043e-16
6.819596746311029053e-17
1.088867246961953706e-16
6.328965984561650757e-17
1.030073068939356330e-16
5.942061439011540078e-17
9.822318881839213455e-17
5.660352766270150526e-17
