# bin_4_1
4.916204046569511180e-06
2.867784076135447063e-06
4.783667565917736919e-06
2.834394347683463107e-06
4.715114376911606953e-06
2.864896511545001784e-06
4.715586986724467512e-06
2.965217280390101453e-06
4.791781148176930174e-06
3.143047988339485118e-06
4.952284346477315528e-06
3.408103669982400353e-06
5.207856292874316717e-06
3.772426106599058673e-06
5.571755279081077827e-06
4.250734510702743269e-06
6.060113788343616964e-06
4.860826854298096636e-06
6.692365837262039944e-06
5.624033622865777845e-06
7.491726952644512589e-06
6.565723800145854441e-06
8.485725232029909547e-06
7.715859881974235007e-06
9.706778297301271315e-06
9.109594351053628555e-06
1.119280575402465472e-05
1.078789390716278587e-05
1.298785956872851320e-05
1.279816934747167411e-05
1.514274503490637308e-05
1.519487776151912118e-05
1.771559212014869118e-05
1.804004901170940797e-05
2.077232031219847775e-05
2.140366965145008014e-05
2.438691896104246164e-05
2.536383386567714828e-05
2.864143897805823146e-05
3.000654222500958243e-05
3.362556025924477677e-05
3.542499487032877656e-05
3.943556244659175350e-05
4.171818661927623488e-05
4.617248548439121820e-05
4.898856880186620247e-05
5.393922292071717719e-05
5.733849925492106111e-05
6.283624890153835648e-05
6.686516286542168778e-05
7.295564571960716027e-05
7.765361838219646555e-05
8.437308251681891228e-05
8.976762494722719714e-05
9.713741171614231418e-05
1.032379409920226252e-04
1.112576179062714331e-04
1.180478917734784972e-04
1.266870003352227911e-04
1.341161991357360734e-04
1.433047270949720352e-04
1.512773928551123278e-04
1.608953031694935077e-04
1.692606146895764090e-04
1.791270826862174188e-04
1.876683182607362800e-04
1.975317568338145623e-04
2.059572801657201795e-04
2.154877697738283846e-04
2.234254584381510709e-04
2.322118186419479214e-04
2.392094942585380616e-04
2.467638698883053180e-04
2.522988905404873567e-04
2.580722509419624460e-04
2.615738239605800743e-04
2.649859801822657276e-04
2.658736931659525004e-04
2.663610236722416908e-04
2.641022253137141921e-04
2.611848764902381615e-04
2.553714468684764724e-04
2.487389086135503142e-04
2.391802246184027863e-04
2.287895104066044812e-04
2.156127763226440089e-04
2.017868695859983920e-04
1.855285997859782245e-04
1.690348552003491844e-04
1.506990933916904467e-04
1.327793717894839350e-04
1.138313175922521812e-04
9.615061230453474496e-05
7.841228309436783380e-05
6.289477771783903357e-05
4.831709098851292607e-05
3.685327560158993125e-05
2.716176616877447422e-05
2.120207994191143606e-05
1.745459206113193516e-05
1.755484600163760187e-05
1.970613526479525902e-05
2.514997363513641460e-05
3.177635957544375629e-05
4.044927903678564651e-05
4.881781769185781768e-05
5.751026459033842551e-05
6.414065499107718307e-05
6.937214735294213027e-05
7.109746832921006213e-05
7.035311959017582454e-05
6.563267779662428493e-05
5.861549434932167128e-05
4.855985827170329464e-05
3.780731514739469755e-05
2.621436979570138131e-05
1.642200524345023202e-05
8.331677174304961286e-06
4.192643026134684491e-06
3.201128042945481909e-06
6.529330085217669759e-06
1.218056677631202711e-05
2.010118219553277253e-05
2.738790740053129096e-05
3.352122384970493277e-05
3.585364937079998135e-05
3.478948068879171725e-05
2.926401135144463542e-05
2.153024439965347823e-05
1.229821368123360599e-05
4.930389072583120782e-06
2.568623052528804510e-07
4.947487074039764571e-07
4.320737937973350822e-06
1.126350412947305930e-05
1.770581205614240282e-05
2.208475669097281066e-05
2.155969518554042843e-05
1.710306738652286396e-05
9.439730194275655503e-06
2.665822040612671073e-06
-1.234412220055693746e-06
3.027644951364685414e-07
5.370761534777735392e-06
1.193647253320092149e-05
1.526661306665838880e-05
1.408574925250056431e-05
8.082149250139009772e-06
1.734569968083669481e-06
-1.746679250460242393e-06
6.507274046715209019e-07
6.123708317071279427e-06
1.103071573501833415e-05
1.045843663747110058e-05
5.477278987647308679e-06
-4.734458368341017490e-07
-1.409158254169131270e-06
2.580270475113574663e-06
7.953494575305424487e-06
8.160770648859857985e-06
3.505065888334651327e-06
-1.545699793226544964e-06
-5.271181030168845681e-07
4.347057059403593030e-06
7.135026546926554760e-06
3.250003043901893510e-06
-1.341855645960698368e-06
-7.188727744130266408e-07
4.452417359791985868e-06
5.062112617589288148e-06
5.297286379679284759e-07
-2.014615100936809423e-06
2.264600675279860429e-06
4.504316764327585384e-06
7.166201052667815279e-07
-2.070768232001697982e-06
2.189467617763333084e-06
3.419789038578953905e-06
-7.937501944267086094e-07
-1.177926268412949925e-06
3.288135517082950252e-06
7.616628473148178571e-07
-1.820933799775197040e-06
1.790555963317486035e-06
1.694837555893078531e-06
-2.187273357595512045e-06
1.705593235858461695e-06
9.530151329271400989e-07
-1.719223601201858061e-06
1.720177374066932483e-06
3.882681106925505175e-08
-1.264383023886470647e-06
2.245076445742733868e-06
-2.043201026502726649e-06
1.494571841539606445e-06
-5.867173656732678697e-07
-1.671562444840078111e-07
6.787196510885174676e-07
-1.027408246493954625e-06
1.016896681641342521e-06
-1.110027178868345012e-06
8.318793199489273842e-07
-9.065782955739263026e-07
5.361638385665218441e-07
-6.977248876923266903e-07
2.922622140736663848e-07
-5.551109943083116862e-07
1.230077217124276386e-07
-4.690957597068284074e-07
1.179609088095710560e-08
-4.170443631314155524e-07
-6.024409452926946703e-08
-3.831304551147850078e-07
-1.075121463728391578e-07
-3.598243239426868033e-07
-1.406479267162063257e-07
-3.447067756538705465e-07
-1.670077607724828365e-07
-3.367553003149812749e-07
-1.901961302798216616e-07
-3.337438452773128637e-07
-2.101118012868521166e-07
-3.318964006587721634e-07
-2.247326819315366456e-07
-3.278471574526562313e-07
-2.331294709431529294e-07
-3.210915098275573766e-07
-2.373371063096097762e-07
-3.141334388189902790e-07
-2.409079256887062319e-07
-3.093852127320163968e-07
-2.451881706928887462e-07
-3.058408639884491723e-07
-2.477718792218151529e-07
-3.000127767771339977e-07
-2.459506766882867100e-07
-2.907242219247185318e-07
-2.410091852127604030e-07
-2.808780679895092760e-07
-2.363773666307728665e-07
-2.724592052844090672e-07
-2.317185501689325627e-07
-2.627558751970791264e-07
-2.236322608192148935e-07
-2.495617385000497360e-07
-2.126127537891873766e-07
-2.355970521404216434e-07
-2.017753035032412057e-07
-2.219671240815572206e-07
-1.894314909250266042e-07
-2.054632887792152584e-07
-1.736113575847971881e-07
-1.870150535145468574e-07
-1.573376240563688135e-07
-1.688037619099442950e-07
-1.398584678947840399e-07
-1.479407500824988195e-07
-1.193191346900134943e-07
-1.255481359844687218e-07
-9.831934232420747709e-08
-1.023375235378223685e-07
-7.483395667240516018e-08
-7.637425603130248147e-08
-4.979672969956440737e-08
-5.002531955585301560e-08
-2.342645946161738693e-08
-2.111263131063518203e-08
5.198162898591918011e-09
8.578504995882590670e-09
3.480510247259094778e-08
4.043098526314235737e-08
6.654013134901383555e-08
7.319757586642204583e-08
9.954750692984045696e-08
1.081644971209370791e-07
1.342707707846811426e-07
1.440743397076085009e-07
1.707329544570141016e-07
1.818453984636645773e-07
2.083526936617695944e-07
2.211006036357610445e-07
2.478539254395690017e-07
2.615958886832521118e-07
2.888991179743055496e-07
3.037949389916227568e-07
3.312304452771749701e-07
3.475659520379704371e-07
3.751333168340122605e-07
3.926770821083345570e-07
4.206487109944405860e-07
4.391507554831214913e-07
4.676443582034582174e-07
4.870512345348933520e-07
5.159854646264717221e-07
5.363771891221071149e-07
5.656696576698398838e-07
5.870610769811484411e-07
6.166993819235370039e-07
6.390424384289168775e-07
6.690529063901976175e-07
6.922627544295290484e-07
7.226314715140010812e-07
7.466672914644408921e-07
7.773632085184171029e-07
8.021856009596846092e-07
8.331837769369756035e-07
8.587207767446860738e-07
8.900265138370062873e-07
9.162178668978316532e-07
9.478189909413064590e-07
9.746479610929696721e-07
1.006523510069260789e-06
1.033959401748043145e-06
1.066088734523093931e-06
1.094088096361881116e-06
1.126472088968264437e-06
1.154974700514465023e-06
1.187593156027046631e-06
1.216571435552639829e-06
1.249391617344529628e-06
1.278812109951202040e-06
1.311795507660830741e-06
1.341602446051826109e-06
1.374736029717597507e-06
1.404870491849440732e-06
1.438119118688290231e-06
1.468538287865608882e-06
1.501858288745720038e-06
1.532521631378289521e-06
1.565861819085115589e-06
1.596709027970768923e-06
1.630043577793982277e-06
1.661007403266055509e-06
1.694286457008214656e-06
1.725308498982903530e-06
1.758476761916438467e-06
1.789511444312973365e-06
1.822507949994312975e-06
1.853486837832372207e-06
1.886269539795040779e-06
1.917111672931079179e-06
1.949621568787548610e-06
1.980263812905301968e-06
2.012438168871066618e-06
2.042827683541521181e-06
2.074588903616064944e-06
2.104645144375155554e-06
2.135939244646471438e-06
2.165577237867905933e-06
2.196339978442692464e-06
2.225484941662486938e-06
2.255638075570265142e-06
2.284225419775920368e-06
2.313685410218948898e-06
2.341629068176067384e-06
2.370325771134183977e-06
2.397532909840949312e-06
2.425399227259770554e-06
2.451790430132975052e-06
2.478736209479499037e-06
2.504235131342559767e-06
2.530175346542049915e-06
2.554693004144414359e-06
2.579545942882464372e-06
2.602988129428096731e-06
2.626684865355419927e-06
2.648975704217262602e-06
2.671424780788340820e-06
2.692472852697021974e-06
2.713587206996093929e-06
2.733308032570121006e-06
2.753006322113567642e-06
2.771315409009625615e-06
2.789529850162106228e-06
2.806359728938973249e-06
2.823004512155216004e-06
2.838254873374985392e-06
2.853254197187054985e-06
2.866855459624025612e-06
2.880135629727158019e-06
2.892020945252946979e-06
2.903528826784401620e-06
2.913658737486133679e-06
2.923326236520099316e-06
2.931602251283885030e-06
2.939376744664862519e-06
2.945752179534552845e-06
2.951586207781059120e-06
2.956026961523147051e-06
2.959884282033037859e-06
2.962391205591443690e-06
2.964243179592818418e-06
2.964735529461597160e-06
2.964564734612658228e-06
2.963036880214731111e-06
2.960842309702762213e-06
2.957301519564874145e-06
2.953072083257016264e-06
2.947570523305041407e-06
2.941321620844195999e-06
2.933806914424332232e-06
2.925573821554243940e-06
2.916093287971536435e-06
2.905931419643011232e-06
2.894533033324438881e-06
2.882449133781959599e-06
2.869245056151310531e-06
2.855311126250171099e-06
2.840281902759418755e-06
2.824582867331464138e-06
2.807822852263720242e-06
2.790474038504182660e-06
2.772069790710129129e-06
2.753086815742964446e-06
2.733203315826064856e-06
2.712705599766769766e-06
2.691352591909930065e-06
2.669466317759949194e-06
2.646767627194417987e-06
2.623656904971507743e-06
2.599727448668970429e-06
2.575402985321024714e-06
2.550440683080296661e-06
2.525045661388875690e-06
2.499080489970955332e-06
2.472771904430138582e-06
2.445927591293631153e-06
2.418894304282953393e-06
2.391299615955926932e-06
2.363526515305133084e-06
2.335384145615414851e-06
2.307016007414325573e-06
2.278364358032805329e-06
2.249569091021653793e-06
2.220509526382137853e-06
2.191485861582257607e-06
2.162143522448801388e-06
2.132834299109407591e-06
2.103392962644349121e-06
2.073924357111159423e-06
2.044422089850669941e-06
2.014950572338608658e-06
1.985447063734532381e-06
1.956170291154120103e-06
1.926774934885758703e-06
1.897589163785481837e-06
1.868457043595384234e-06
1.839459921368496085e-06
1.810626417417081439e-06
1.781948998313998406e-06
1.753415609210420342e-06
1.725245574316047850e-06
1.697099601264431991e-06
1.669288118937398806e-06
1.641656665848711895e-06
1.614275089001945528e-06
1.587196721695319277e-06
1.560342849761168178e-06
1.533748689936701908e-06
1.507595918903063531e-06
1.481553369378453759e-06
1.455921061579857753e-06
1.430538624104078361e-06
1.405474079664294931e-06
1.380794593586830941e-06
1.356354422106849917e-06
1.332237738703897532e-06
1.308593784501680206e-06
1.285102450903077074e-06
1.262052962474006837e-06
1.239270169295135326e-06
1.216831648263669254e-06
1.194817254945004265e-06
1.173022410450285056e-06
1.151575470828723137e-06
1.130590305874759415e-06
1.109766241689346740e-06
1.089388752155556504e-06
1.069262371410472860e-06
1.049475142792566298e-06
1.030117678262501502e-06
1.010943170614980261e-06
9.921212299008318518e-07
9.737213890803076928e-07
9.554717565537622245e-07
9.376620963500937253e-07
9.200705054050792513e-07
9.027925775333759359e-07
8.859358000176827809e-07
8.692230719586165350e-07
8.528510413404465575e-07
8.368496694785189250e-07
8.209882801769471969e-07
8.055462652733339992e-07
7.902853114168547204e-07
7.753126954384857768e-07
7.607371368876104923e-07
7.462730963577695437e-07
7.321357680997742253e-07
7.183076348594747212e-07
7.046180354609863373e-07
6.913108480861661405e-07
6.781505376551397077e-07
6.652501653847891422e-07
6.527098468923575182e-07
6.402542682419797931e-07
6.281014022834714042e-07
6.161982959198728917e-07
6.044276640574971951e-07
5.929985409372482830e-07
5.816794767509642271e-07
5.705911001760408651e-07
5.598143059749104979e-07
5.490998662688463554e-07
5.386555461132805157e-07
5.284051803181477358e-07
5.182774392739520350e-07
5.084487507494437357e-07
4.986992679166356298e-07
4.891592757436521372e-07
4.798912394583048967e-07
4.706887817691367931e-07
4.617490177492993706e-07
4.529902962694110018e-07
4.443832293063253623e-07
4.360733385185331871e-07
4.278553191656846550e-07
4.198571475722259480e-07
4.121084029176197257e-07
4.044264097808420597e-07
3.969634373161988313e-07
3.896103982767345781e-07
3.823435516773157464e-07
3.752586182607899064e-07
3.681533140493291627e-07
3.611403962715308343e-07
3.542238855613276380e-07
3.472650525881470245e-07
3.404039946443167740e-07
3.335526763862292743e-07
3.267280327798464224e-07
3.200271753789987087e-07
3.132970794653661728e-07
3.066634366877531573e-07
3.001256190134782707e-07
2.935890953200817036e-07
2.871752000673241505e-07
2.807988424185453510e-07
2.744810180980293931e-07
2.682991133011517106e-07
2.621205436521371032e-07
2.560568630937412228e-07
2.500983024053093723e-07
2.441858678394292459e-07
2.384212246202005745e-07
2.327342391692594355e-07
2.271540288280676870e-07
2.217408043089464569e-07
2.163840874942886292e-07
2.111774979665630755e-07
2.060933365245609323e-07
2.010930295564071936e-07
1.962410167662131351e-07
1.914714446580112224e-07
1.868049179992026024e-07
1.822809917008962686e-07
1.778053787024461613e-07
1.734530019138985637e-07
1.691915654888513087e-07
1.649982233428479355e-07
1.609192475478676957e-07
1.568966488915964613e-07
1.529531228911662216e-07
1.491151730918500436e-07
1.453066711098623072e-07
1.415890137905183852e-07
1.379305466430701535e-07
1.343210534690647001e-07
1.307970637410022828e-07
1.273075519774957180e-07
1.238782984168908115e-07
1.205287269208546137e-07
1.172004285819520224e-07
1.139471485802586123e-07
1.107411918586282494e-07
1.075805103189130513e-07
1.044940760708774210e-07
1.014366344319968677e-07
9.843754237348067969e-08
9.550938962483061558e-08
9.260647078160918101e-08
8.977444432328509594e-08
8.698615630305539743e-08
8.424597866344938048e-08
8.157897406988080424e-08
7.894273081481902117e-08
7.636529284251794037e-08
7.385635174888371830e-08
7.137957597084818827e-08
6.897242149550820827e-08
6.661055362581245889e-08
6.430144239446073203e-08
6.206295671348229857e-08
5.985837414109702698e-08
5.771737811838360243e-08
5.563820571447720858e-08
5.359609520605624210e-08
5.162368688906303848e-08
4.969565410274726636e-08
4.781900501483962467e-08
4.601138108705383752e-08
4.423786397534198264e-08
4.252296661377447190e-08
4.086749863613035056e-08
3.924695298635312352e-08
3.769152155512129997e-08
3.617612769093915802e-08
3.470870779509344864e-08
3.330287420576692465e-08
3.192697533489927846e-08
3.060580089575424136e-08
2.933116350779949980e-08
2.809347257699320270e-08
2.690853601652447851e-08
2.575770545207614162e-08
2.464938383790165834e-08
2.359121875130401255e-08
2.255989025326474004e-08
2.157312079661508707e-08
2.062431154562260566e-08
1.970638251373478059e-08
1.883244213831923432e-08
1.798454373516345483e-08
1.717114926068637360e-08
1.639908574623973306e-08
1.564629613381963010e-08
1.493087820308210214e-08
1.424412974135497084e-08
1.358044231628008761e-08
1.295384266736442360e-08
1.234499670498506812e-08
1.176314140772790965e-08
1.121426682384403971e-08
1.067755502200434448e-08
1.017167838708873312e-08
9.686234715581033968e-09
9.217591512729501342e-09
8.778657259027304415e-09
8.350844398297240270e-09
7.944281016231207744e-09
7.561679861962047274e-09
7.187707081616092549e-09
6.837274873702492566e-09
6.500412964196965790e-09
6.177008645452755670e-09
5.874759185328610812e-09
5.580115311566001331e-09
5.301560327186765420e-09
5.039050767496613773e-09
4.783858395122575393e-09
4.544949928190455147e-09
4.315192545360140718e-09
4.095972943242508025e-09
3.891068434540607507e-09
3.691476068769760149e-09
3.503487004179334327e-09
3.326190497860524459e-09
3.154521273077092080e-09
2.994194094624522164e-09
2.839965988864288246e-09
2.692964114129558671e-09
2.556218596129675740e-09
2.422578198232942828e-09
2.297297164614145477e-09
2.179404048992973561e-09
2.065027589959347040e-09
1.959055689295446521e-09
1.856654284484402355e-09
1.758997627816125945e-09
1.668911611167616012e-09
1.580162449276904771e-09
1.497716840161220458e-09
1.420040369949731597e-09
1.344537808894485267e-09
1.275291662815222154e-09
1.207958705096342713e-09
1.143791195839641350e-09
1.084921137514243599e-09
1.026454023656885899e-09
9.726434651834782674e-10
9.216525723683830017e-10
8.721406537788169985e-10
8.270691944555873065e-10
7.831163273579466277e-10
7.414800993463392757e-10
7.032636371892903142e-10
6.652875615798879551e-10
6.305266038679347445e-10
5.972907030538399049e-10
5.651088530684164228e-10
5.356609167501350203e-10
5.069547337723463993e-10
4.798783268588041712e-10
4.547980838971640029e-10
4.302054905672285852e-10
4.077409470922340403e-10
3.862419204933360739e-10
3.656594996459998912e-10
3.466225827049685983e-10
3.282784434971651091e-10
3.109860821492593943e-10
2.946641231006946884e-10
2.789488463215604884e-10
2.643352615526390696e-10
2.503722918051455500e-10
2.370974372582018701e-10
2.245394816111280790e-10
2.126857399703485873e-10
2.014939498288347076e-10
1.907712080260053211e-10
1.807288274546811306e-10
1.711876265966472033e-10
1.621818208613927442e-10
1.536809950506096422e-10
1.454575957155159817e-10
1.379035621832187072e-10
1.306947744286470028e-10
1.237351583597286092e-10
1.173857971752902137e-10
1.111856649322240949e-10
1.054330075891983871e-10
1.000303012351349055e-10
9.467047362972321975e-11
8.987415929359114922e-11
8.520761365532455469e-11
8.069376929845606354e-11
7.662882123641099384e-11
7.255346180247237736e-11
6.883386672474325567e-11
6.533811605178890129e-11
6.181010752376257742e-11
5.872790417983580428e-11
5.567062877537534486e-11
5.274435033371421861e-11
5.011236801519143581e-11
4.744262134889969067e-11
4.503887688335857512e-11
4.277149347959420790e-11
4.046331032636454969e-11
3.847896192614634970e-11
3.647375709127231903e-11
3.458130040879028631e-11
3.287358565752154583e-11
3.112575184667381809e-11
2.957029294334425649e-11
2.809170781486030981e-11
2.658888950513195204e-11
2.530011247799714712e-11
2.398571958364470087e-11
2.275864448414260538e-11
2.164394701388491761e-11
2.049551185184833431e-11
1.948854911565482413e-11
1.851632204155642382e-11
1.753932482108683348e-11
1.669569361087003857e-11
1.583531401995739612e-11
1.503608689697383105e-11
1.430502624293416014e-11
1.355335411591584532e-11
1.289605122834185780e-11
1.225479982588923910e-11
1.161793967583193194e-11
1.106358604126215096e-11
1.049513903046888553e-11
9.974083956955473494e-12
9.490161436298916833e-12
8.997328784767043017e-12
8.565105021847837635e-12
8.140343528410009304e-12
7.724856888647514064e-12
7.356318120877064477e-12
6.983631196693809666e-12
6.638924549361367645e-12
6.320526669185890482e-12
5.995273590299752131e-12
5.711016855671139206e-12
5.427814615868879553e-12
5.157535303287405148e-12
4.911250194478088183e-12
4.666506406027268918e-12
4.439069369407340223e-12
4.227266834691104477e-12
4.014338951238736731e-12
3.825962263206855399e-12
3.637758834146400756e-12
3.461165632424376735e-12
3.296685590931057574e-12
3.136245749973245534e-12
2.985084113355196903e-12
2.845527053499599432e-12
2.705191489210110046e-12
2.580396264722667076e-12
2.455784146625352139e-12
2.340189208584608322e-12
2.230202307619723698e-12
2.125185153337362955e-12
2.024964406571497201e-12
1.932259453606215629e-12
1.840062385000173656e-12
1.757158477651386378e-12
1.674073863027117980e-12
1.598389243603918597e-12
1.523990290413679908e-12
1.455044166723521611e-12
1.387556326280857569e-12
1.325535079020619620e-12
1.263766942659940570e-12
1.207676741404922868e-12
1.151326182813941982e-12
1.099980631408984159e-12
1.048811971155497339e-12
1.001782840302902132e-12
9.546905866304110129e-13
9.117489869829311850e-13
8.684051376602499389e-13
8.290709931316229057e-13
7.890600024635530547e-13
7.528144846038848376e-13
7.160506593946664819e-13
6.828759507797349573e-13
6.490298096197198526e-13
6.185665829463005587e-13
5.877586865711948787e-13
5.600427133420482101e-13
5.319353726879082203e-13
5.070492530040213198e-13
4.815532047467517440e-13
4.594804104499047584e-13
4.365815329469946198e-13
4.167850326807439159e-13
3.965937571194787808e-13
3.789291744810021857e-13
3.608220757214627576e-13
3.451969599840429724e-13
3.286515178203207704e-13
3.147256016983753696e-13
2.995088262752615648e-13
2.865464812761584904e-13
2.726062765929066200e-13
2.604204817515671442e-13
2.473713233396104565e-13
2.361326024879337678e-13
2.238587943431336374e-13
2.137488012210507967e-13
2.025318015610818440e-13
1.934432553517466987e-13
1.835978906546485627e-13
1.755944973714182354e-13
1.669329626859971145e-13
1.599871064129905310e-13
1.521064395174828445e-13
1.459422395881888416e-13
1.385653277738703505e-13
1.327062561060769668e-13
1.257769011152602690e-13
1.201870492181919700e-13
1.137502461450668894e-13
1.087427868490924572e-13
1.029416582697908516e-13
9.874918748174763302e-14
9.366363817948207804e-14
9.002128179067880119e-14
8.544645034152725663e-14
8.199612206821927283e-14
7.761410636383816405e-14
7.430308497286267003e-14
7.012850183881670075e-14
6.724660430909610877e-14
6.357587606340769598e-14
6.118445684637605034e-14
5.799248781844837782e-14
5.579971978792350459e-14
5.273840445752907742e-14
5.058100253109339124e-14
4.763811213667628460e-14
4.579791930181149308e-14
4.325497483984887869e-14
4.175786155486997778e-14
3.945979778572548143e-14
3.797235372605053193e-14
3.571562642723868861e-14
3.434069310006221286e-14
3.235751009920834088e-14
3.130777472191661434e-14
2.951085775624973206e-14
2.846572898242504024e-14
2.669106969483543584e-14
2.575213371222626955e-14
2.425806369750332516e-14
2.350927603486453444e-14
2.205498884253307583e-14
2.129141020886407516e-14
1.994332314830453699e-14
1.938069931968042187e-14
1.818643786130052885e-14
1.759596715512533418e-14
1.643696750921439768e-14
1.598683714146526001e-14
1.497833402666636042e-14
1.453648760984355005e-14
1.353632902631044211e-14
1.321152165833778986e-14
1.233563514496643269e-14
1.198870418055637667e-14
1.116070843947198399e-14
1.092330630499234280e-14
1.014259665109769304e-14
9.898342189095516767e-15
9.208866269218445495e-15
9.017823190489932802e-15
8.335441376982956663e-15
8.196910216066031198e-15
7.579593256163311852e-15
7.434305522505658026e-15
6.881694461249396318e-15
6.765538160603717834e-15
6.230864992096201755e-15
6.160608719469233840e-15
5.648391405561000019e-15
5.599471804209604682e-15
5.128364668870146396e-15
5.085796925393143514e-15
4.656080082462421135e-15
4.621503769829041189e-15
4.224428963593663827e-15
4.202138244909416288e-15
3.830911829236461755e-15
3.822050457311509742e-15
3.473306250574497336e-15
3.476762624606949697e-15
3.148813436748539538e-15
3.162846098502470655e-15
2.854464037870633975e-15
2.877432793730326981e-15
2.587441620227546335e-15
2.617962819592937449e-15
2.345182517637538607e-15
2.382100265639696129e-15
2.125374866685731436e-15
2.167707658232313682e-15
1.925932854188703888e-15
1.972832913819212506e-15
1.744970609113353792e-15
1.795696942480644242e-15
1.580780174343645037e-15
1.634680557958965850e-15
1.431813106004858635e-15
1.488311315819426780e-15
1.296664728735559298e-15
1.355250851571161572e-15
1.174060353718846233e-15
1.234283012098846541e-15
1.062843031637175079e-15
1.124302886456392460e-15
9.619625724075207378e-16
1.024306744840287091e-15
8.704656509970160709e-16
9.333828494331054952e-16
7.874868667213700043e-16
8.507030820045639309e-16
7.122406514610351759e-16
7.755153271052393901e-16
6.440139401559829135e-16
7.071365497141875281e-16
5.821595291792047857e-16
6.449465088747366540e-16
5.260900576384173060e-16
5.883820528032338258e-16
4.752725541282262277e-16
5.369319453148825816e-16
4.292234977565927003e-16
4.901321777796900829e-16
3.875043478665027963e-16
4.475617252038682862e-16
3.497175017309214553e-16
4.088387090448368510e-16
3.155026440180654534e-16
3.736169334692419925e-16
2.845334559063961806e-16
3.415827652852595147e-16
2.565146555818519718e-16
3.124523315697286314e-16
2.311793454786933808e-16
2.859690122776910301e-16
2.082866450909546674e-16
2.619012085741431384e-16
1.876195915270653831e-16
2.400403708717272270e-16
1.689832933472265645e-16
2.201992738166390163e-16
1.522033265058390850e-16
2.022105288559982682e-16
1.371243646036669387e-16
1.859253283483610585e-16
1.236090391959960727e-16
1.712124188142373219e-16
1.115370294938855307e-16
1.579573046294448408e-16
1.008043847552465788e-16
1.460616875190050819e-16
9.132308680792171187e-17
1.354431515264889064e-16
8.302086466434043241e-17
1.260351078622702612e-16
7.584127812737588377e-17
1.177870191425297971e-16
6.974409262376297290e-17
1.106649281125144226e-16
6.470597331288311824e-17
1.046523220262179899e-16
6.072153282390836957e-17
9.975137031467091421e-17
5.780477367668986271e-17
