# bin_2_1
1.434028937523274435e-08
9.292172770092405082e-09
1.325238917912896604e-08
8.562581035591388825e-09
1.243842239150894064e-08
8.084952275071334592e-09
1.188925320883129564e-08
7.855150724104219990e-09
1.160243014450005219e-08
7.875586171172943550e-09
1.158233475171680087e-08
8.155469116803034171e-09
1.184049596567603768e-08
8.711230932858768997e-09
1.239607573503398739e-08
9.567115884077217694e-09
1.327653340988562775e-08
1.075595357079846033e-08
1.451847679867228031e-08
1.232012048101149746e-08
1.616870888623077360e-08
1.431269877231390636e-08
1.828547642035823268e-08
1.679883847983068328e-08
2.093992517441519468e-08
1.985732437281745333e-08
2.421775918526876847e-08
2.358234256201513408e-08
2.822109436370132820e-08
2.808542986884455598e-08
3.307048220021870905e-08
3.349757478798059259e-08
3.890706210752512063e-08
3.997141585071176784e-08
4.589477479802516522e-08
4.768345547552412487e-08
5.422253698321934743e-08
5.683616841623817839e-08
6.410623341148745758e-08
6.765983629923445175e-08
7.579032913432822345e-08
8.041387884232588138e-08
8.954883835451088119e-08
9.538738082943376763e-08
1.056853073676221177e-07
1.128984288145029252e-07
1.245313800810850816e-07
1.332917781001827842e-07
1.464434175430089074e-07
1.569342723317750779e-07
1.717965455180552803e-07
1.842073447427983501e-07
2.009754194875320169e-07
2.154958579529899367e-07
2.343609418099290538e-07
2.511725100688160184e-07
2.723121710238275878e-07
2.915770827884558252e-07
3.151427648502514301e-07
3.369899764288154267e-07
3.630915485668326033e-07
3.875998216331715168e-07
4.162872580563029518e-07
4.434655465606072502e-07
4.747082427528505821e-07
5.044741769874306944e-07
5.381389923533038707e-07
5.702969184927561313e-07
6.061268219709524887e-07
6.403477400045285500e-07
6.779439125606941451e-07
7.137507117692506335e-07
7.525620705539880836e-07
7.893245937215748358e-07
8.286498099718960268e-07
8.655952972486880345e-07
9.046032319639071437e-07
9.408482820485939352e-07
9.786229679031978230e-07
1.013232839168110314e-06
1.048848147818296587e-06
1.080927391027543014e-06
1.113553678954127045e-06
1.142368062141431251e-06
1.171407720649166653e-06
1.196530590611839748e-06
1.221771111676071226e-06
1.243237568581452675e-06
1.264999688943107333e-06
1.283439959604934910e-06
1.302686058456755391e-06
1.319397459072880213e-06
1.337754841345413375e-06
1.354663970361676382e-06
1.374314322113247018e-06
1.393784013671358767e-06
1.417181391818219750e-06
1.441638133037815191e-06
1.471050761650066435e-06
1.502453985411681160e-06
1.539383740348794746e-06
1.578628624690155120e-06
1.623240775721604918e-06
1.669667925744545016e-06
1.720440536452204160e-06
1.771687256525361230e-06
1.825522594054272091e-06
1.877940695022114521e-06
1.930914233309228303e-06
1.980643536740380589e-06
2.029354575161215009e-06
2.073855933601115440e-06
2.116999171662670590e-06
2.156476879655412183e-06
2.195898535785354439e-06
2.233768407919213246e-06
2.274154739288265645e-06
2.315834008024268803e-06
2.362600167571398173e-06
2.412647112124152373e-06
2.468653637145931526e-06
2.527551737180839733e-06
2.590562502935862511e-06
2.653479501931718617e-06
2.716736353326989676e-06
2.776160342624310843e-06
2.832913805458196980e-06
2.884412068398777198e-06
2.933762207355060957e-06
2.980444493805839847e-06
3.028974993621598044e-06
3.079291256635071784e-06
3.134918857968206039e-06
3.193654286191888535e-06
3.256066196124248541e-06
3.317273788848364253e-06
3.376266766272586331e-06
3.428620300669189521e-06
3.475736272224361131e-06
3.516990501651641200e-06
3.557322836681451192e-06
3.597872455395512745e-06
3.642296962156644809e-06
3.687766834813015519e-06
3.732838661588399933e-06
3.771234533534279379e-06
3.801774203486846886e-06
3.822613056731885141e-06
3.838784521034075774e-06
3.852674664652084899e-06
3.868246116657258258e-06
3.881700499768560262e-06
3.889601779889411478e-06
3.885327706571839791e-06
3.869996097752290547e-06
3.845995805566364376e-06
3.820257519563871776e-06
3.792038394393512884e-06
3.758178381555760872e-06
3.710561473957447078e-06
3.649577312833702380e-06
3.578979730306743145e-06
3.506470994213938748e-06
3.429381507016346129e-06
3.342096188021922363e-06
3.238866996751689806e-06
3.126670800800618528e-06
3.011772373686428043e-06
2.894913344559532317e-06
2.766322059536371506e-06
2.626319456159332840e-06
2.482712878539175314e-06
2.342604497413129236e-06
2.197233924567588025e-06
2.043824589025648545e-06
1.890534873867417560e-06
1.746173642712624278e-06
1.601082143265083334e-06
1.454457291187671567e-06
1.317256717888701549e-06
1.193000767450258129e-06
1.069885458819835667e-06
9.569665423186278296e-07
8.618984191158285172e-07
7.756320868102120686e-07
6.980155520780395917e-07
6.424795371040646493e-07
5.953642782549682058e-07
5.594385930394967396e-07
5.422358915895690647e-07
5.310032737920036432e-07
5.294199396639127644e-07
5.409638224772285687e-07
5.493377867525717635e-07
5.693632030902147623e-07
5.838162446372810964e-07
5.993451818899265030e-07
6.112642508687863353e-07
6.149342313782039267e-07
6.154882554081189340e-07
6.041804015875281247e-07
5.895191560271027876e-07
5.644065838777802455e-07
5.372931606084579555e-07
5.043870717789778682e-07
4.730349029529990343e-07
4.419269984575012387e-07
4.168092032933334972e-07
3.971619080918002432e-07
3.865078420797995481e-07
3.835461438205625338e-07
3.891388196138180489e-07
4.004663290638354301e-07
4.160961211793659876e-07
4.322282142381962854e-07
4.465952832410832361e-07
4.560619848357955391e-07
4.595717726543849922e-07
4.563929821382128443e-07
4.480153685734670241e-07
4.364650466302431949e-07
4.251139139707439948e-07
4.169095123348759801e-07
4.144914354545487088e-07
4.187785558756619142e-07
4.292125921323528112e-07
4.433868078212582771e-07
4.580267268785310994e-07
4.697175731382606427e-07
4.761885525277685669e-07
4.770516143315717670e-07
4.740491785671548079e-07
4.705227772951379060e-07
4.700583518195643724e-07
4.751432089135862269e-07
4.858388411215435560e-07
4.998805650653416948e-07
5.133971008983025745e-07
5.230971662255943170e-07
5.276928274665091862e-07
5.290545479637659652e-07
5.308616017593512872e-07
5.368531912109968876e-07
5.480223992176036378e-07
5.623082467854776343e-07
5.754514532154262182e-07
5.845079348386648514e-07
5.896438504021502471e-07
5.946237198064215864e-07
6.032688483298428666e-07
6.166552273385032325e-07
6.315010261611322683e-07
6.437023044780640919e-07
6.518390760692907119e-07
6.592850455832278660e-07
6.701123224349888620e-07
6.850559571752603477e-07
6.999978789223853158e-07
7.115148995351231559e-07
7.207493578593355073e-07
7.325422712094104729e-07
7.481512594890436837e-07
7.638950394374211627e-07
7.760949791076900406e-07
7.874577364214848433e-07
8.021601314125657436e-07
8.192574782674390613e-07
8.337640777351241077e-07
8.463748767003463031e-07
8.616252510432241426e-07
8.793633392780700075e-07
8.945423275056472092e-07
9.085685010976103340e-07
9.256606936971405321e-07
9.435936584847334793e-07
9.585850353081222619e-07
9.750806547925516924e-07
9.938390839401592630e-07
1.010426947107992590e-06
1.026925777028378018e-06
1.046347022904997681e-06
1.063560548534380704e-06
1.081101526607213716e-06
1.100803966109043313e-06
1.118466815008218942e-06
1.137198151156847270e-06
1.157165216952483403e-06
1.174943529886806863e-06
1.195620040435424587e-06
1.214347227006633397e-06
1.234387799388587681e-06
1.254501332088600260e-06
1.274108338536090724e-06
1.295032107298747875e-06
1.314777235308268536e-06
1.336005885217507750e-06
1.356182744420606399e-06
1.377556527384446347e-06
1.398180483770811465e-06
1.419672570923427231e-06
1.440681697944549755e-06
1.462306628466866210e-06
1.483609662673093011e-06
1.505369575890421449e-06
1.526914157451391637e-06
1.548809852727140148e-06
1.570533068154166065e-06
1.592525657826556352e-06
1.614403781773968317e-06
1.636482216008156072e-06
1.658471671783411377e-06
1.680623182398643429e-06
1.702689907856620449e-06
1.724907542231974831e-06
1.747029986747242404e-06
1.769263465500402579e-06
1.791425848501465813e-06
1.813655323970712387e-06
1.835817439829649195e-06
1.858025288495824370e-06
1.880146355332601804e-06
1.902313321467159551e-06
1.924363986661793791e-06
1.946431539178055925e-06
1.968396423095473231e-06
1.990333719703372189e-06
2.012167291824312153e-06
2.033949967082366554e-06
2.055601315133061322e-06
2.077205030155781668e-06
2.098643024244160121e-06
2.120007014654236665e-06
2.141209169524055523e-06
2.162291944238090829e-06
2.183208610894133710e-06
2.203979462000204373e-06
2.224554266439324399e-06
2.244983778631952140e-06
2.265180769525420832e-06
2.285206087289834246e-06
2.304990209957949277e-06
2.324563092857914036e-06
2.343887463507687052e-06
2.362972203642416614e-06
2.381777791620151590e-06
2.400334012329786609e-06
2.418575908012548662e-06
2.436543745686272935e-06
2.454182668190613714e-06
2.471511191604286023e-06
2.488497067244227581e-06
2.505141052786781590e-06
2.521413785817578266e-06
2.537330579455509232e-06
2.552841990835696259e-06
2.567971758693094936e-06
2.582676533300005265e-06
2.596967373257679274e-06
2.610814946581495171e-06
2.624216304745901941e-06
2.637148325775745369e-06
2.649616847942071979e-06
2.661582935374007497e-06
2.673060813167318143e-06
2.684014537415200467e-06
2.694450063022872861e-06
2.704343454176062115e-06
2.713689567446234652e-06
2.722468064342970804e-06
2.730680095745602305e-06
2.738296177296922852e-06
2.745325760743688633e-06
2.751738983071719033e-06
2.757537636618396317e-06
2.762703615632346855e-06
2.767231616483165668e-06
2.771105446981979789e-06
2.774327045101530890e-06
2.776874335444031412e-06
2.778752718548798348e-06
2.779940980438061146e-06
2.780442299433061168e-06
2.780241997043600449e-06
2.779338483244107438e-06
2.777722196697717707e-06
2.775394120378007500e-06
2.772341162949980208e-06
2.768570284896299606e-06
2.764067757785643563e-06
2.758839177429328687e-06
2.752878133344864086e-06
2.746189888240676173e-06
2.738769548581818892e-06
2.730622968161668569e-06
2.721746786789675070e-06
2.712150342865592835e-06
2.701831761161610951e-06
2.690801033071107538e-06
2.679058732409455001e-06
2.666617824481792214e-06
2.653481143750710033e-06
2.639661605711428332e-06
2.625164115913854776e-06
2.610004412218838071e-06
2.594190174258786578e-06
2.577737102638672181e-06
2.560654340633917622e-06
2.542962308559902446e-06
2.524671956511686743e-06
2.505802908880791623e-06
2.486368347894737930e-06
2.466388640305097550e-06
2.445881696842803123e-06
2.424868155600343983e-06
2.403363354635657555e-06
2.381394675573902551e-06
2.358977465792308776e-06
2.336137460544604390e-06
2.312893083638467515e-06
2.289267485634990048e-06
2.265285928365858864e-06
2.240970290224765091e-06
2.216340363043910875e-06
2.191426915396321855e-06
2.166246210798902234e-06
2.140827380580003811e-06
2.115189919667054593e-06
2.089356738107327798e-06
2.063356396861406062e-06
2.037208912523700447e-06
2.010934850762507621e-06
1.984563717190546852e-06
1.958109856788583977e-06
1.931601646487580646e-06
1.905056107806611582e-06
1.878492699566445638e-06
1.851939215916363715e-06
1.825410538126967729e-06
1.798925334377101017e-06
1.772508097077022625e-06
1.746169007396896580e-06
1.719932727307819253e-06
1.693810808141495177e-06
1.667817197560185622e-06
1.641976147640874964e-06
1.616296194349798401e-06
1.590791659702743640e-06
1.565480148219445558e-06
1.540366207617391966e-06
1.515469916822783734e-06
1.490795941940212052e-06
1.466352084957626321e-06
1.442157981562689783e-06
1.418215123239962892e-06
1.394533238801195363e-06
1.371122487909843650e-06
1.347981634326756223e-06
1.325126723202378491e-06
1.302555601814378572e-06
1.280270401990894864e-06
1.258286442006591647e-06
1.236598585238635649e-06
1.215212564643823679e-06
1.194131841868959157e-06
1.173350641329532931e-06
1.152882533213632576e-06
1.132718952042768498e-06
1.112857706284991293e-06
1.093310908965786701e-06
1.074068108939584162e-06
1.055132810084903699e-06
1.036502828744048390e-06
1.018168996029034412e-06
1.000144532950100482e-06
9.824156139371711226e-07
9.649773390922181028e-07
9.478397780467233279e-07
9.309886543171765577e-07
9.144273384829971868e-07
8.981493788197348745e-07
8.821431755270920987e-07
8.664231542968491599e-07
8.509717622202541247e-07
8.357840610746115302e-07
8.208688700101698960e-07
8.062082687967505648e-07
7.918077540947043712e-07
7.776587252339151072e-07
7.637480592915336459e-07
7.500928282628866842e-07
7.366726182351678574e-07
7.234837848619194247e-07
7.105348245701146095e-07
6.978059165017014079e-07
6.853057445380589459e-07
6.730234413500834444e-07
6.609453866455448698e-07
6.490920986218472112e-07
6.374409866060686429e-07
6.259911216004739374e-07
6.147489604638223859e-07
6.036944147965070072e-07
5.928397540381908770e-07
5.821722305039242200e-07
5.716778513110521846e-07
5.613796215346699767e-07
5.512529358984197582e-07
5.412998495944677249e-07
5.315246162362483415e-07
5.219069746658891557e-07
5.124628027542840281e-07
5.031767080298455295e-07
4.940351590902865231e-07
4.850628015976291516e-07
4.762326880168584240e-07
4.675494882370669163e-07
4.590148249332055344e-07
4.506084381912734147e-07
4.423511411253077747e-07
4.342257207762986850e-07
4.262215397039760029e-07
4.183661731005026242e-07
4.106341678293848502e-07
4.030375443008972040e-07
3.955789862219332998e-07
3.882423707615416030e-07
3.810546155471636429e-07
3.739967937670824609e-07
3.670591364631029771e-07
3.602644217427834352e-07
3.535810422673879610e-07
3.470158489854670555e-07
3.405584386598227032e-07
3.341826451284884442e-07
3.279061503617432472e-07
3.216987817244479045e-07
3.155468958230794935e-07
3.094672785378392435e-07
3.034305313943848187e-07
2.974514726051436303e-07
2.915264695258289149e-07
2.856420377493778699e-07
2.798264441090032966e-07
2.740592524192631970e-07
2.683392892618773295e-07
2.626844079889432778e-07
2.570700680013696459e-07
2.515135002655939544e-07
2.460104291703680099e-07
2.405494468343591328e-07
2.351574831278044846e-07
2.298185086409294131e-07
2.245390330828371856e-07
2.193377754842362218e-07
2.142012925488725064e-07
2.091515516374824802e-07
2.041883173763159731e-07
1.993057595575898222e-07
1.945266887694736991e-07
1.898356736880933143e-07
1.852377779490711873e-07
1.807396561294831857e-07
1.763268367315658943e-07
1.720103565670707547e-07
1.677837804135092672e-07
1.636386212077391998e-07
1.595878962737051768e-07
1.556164526069892698e-07
1.517275858619604179e-07
1.479223106547548591e-07
1.441893846056469918e-07
1.405355095196316059e-07
1.369539071774454914e-07
1.334378572415133570e-07
1.299943479421467077e-07
1.266112557232579217e-07
1.232910283073458364e-07
1.200329379163318725e-07
1.168299098069793486e-07
1.136866459785861506e-07
1.105984154985195789e-07
1.075621867985758536e-07
1.045827659338057540e-07
1.016534216486845479e-07
9.877720631296496713e-08
9.595318052945565541e-08
9.317770335616997943e-08
9.045437528205417042e-08
8.778060990752847192e-08
8.515511015536107507e-08
8.258062965042263172e-08
8.005373429706758158e-08
7.757605792214493149e-08
7.514734021613961435e-08
7.276655640699918205e-08
7.043530823338513265e-08
6.815175503670487415e-08
6.591675781260500116e-08
6.373123004990906450e-08
6.159292873306582018e-08
5.950379554516149452e-08
5.746334143640645157e-08
5.547050933629862249e-08
5.352650311917515723e-08
5.163111555317765122e-08
4.978275053191011807e-08
4.798293026870080535e-08
4.623043734514040389e-08
4.452527344809414806e-08
4.286692609302156082e-08
4.125496889575327410e-08
3.968961041795115098e-08
3.816918335592326888e-08
3.669480049441899549e-08
3.526417532763259895e-08
3.387794689260178127e-08
3.253506103559795201e-08
3.123455195746130814e-08
2.997606288586078846e-08
2.875844073137417153e-08
2.758165670177165197e-08
2.644410429137280755e-08
2.534625230734749149e-08
2.428575965180712845e-08
2.326261139521275156e-08
2.227586705941021697e-08
2.132409902084267638e-08
2.040766682062543375e-08
1.952437009725004187e-08
1.867410589310502740e-08
1.785643723556792091e-08
1.706939385783785344e-08
1.631259816149132080e-08
1.558532863548590513e-08
1.488623478840798568e-08
1.421510661206022332e-08
1.357086455049728632e-08
1.295259733840273601e-08
1.235919992639573955e-08
1.179046636375968027e-08
1.124524593168112309e-08
1.072249656137698122e-08
1.022211693060554504e-08
9.742239767193913502e-09
9.283631245754629209e-09
8.844846769361034823e-09
8.424075554648080019e-09
8.022456018785844525e-09
7.638342872716400827e-09
7.271188551000737111e-09
6.920255729826852124e-09
6.584852915351343230e-09
6.264955610139335194e-09
5.959522549194734813e-09
5.667903400238990355e-09
5.389178000087121122e-09
5.124045345914010327e-09
4.871080846361145174e-09
4.629063703265015135e-09
4.399538288456667839e-09
4.179927741114023194e-09
3.971029009334733811e-09
3.772558872015364951e-09
3.582168573431347723e-09
3.402292623738778130e-09
3.230537975575743006e-09
3.066366440375693329e-09
2.911628203112140548e-09
2.763163683437494262e-09
2.622584497861565693e-09
2.489116762403378051e-09
2.361023294931762642e-09
2.240470255903275249e-09
2.125322271274446101e-09
2.015761255866190846e-09
1.912464869274433782e-09
1.813575700870511984e-09
1.720073955724157310e-09
1.631186965385718097e-09
1.546097843809338940e-09
1.466075739706061591e-09
1.389745312170195064e-09
1.317420934201408108e-09
1.249084473898149073e-09
1.183958698467226377e-09
1.122414593931561151e-09
1.063878164715461910e-09
1.007848738839852060e-09
9.551795286261150194e-10
9.049743336942133107e-10
8.574329816529265259e-10
8.125391168884987873e-10
7.697840896954889920e-10
7.296274622679659223e-10
6.915233924385111904e-10
6.549580851710899332e-10
6.207906369993568754e-10
5.881079432065996352e-10
5.571233292006661973e-10
5.278700427358802619e-10
4.997238207363222304e-10
4.735065898054674482e-10
4.485887893758261938e-10
4.245285653454027052e-10
4.023835598305690580e-10
3.811089094688942060e-10
3.610920183415670236e-10
3.423271537231354052e-10
3.240558976920100141e-10
3.073252980673743003e-10
2.913182011422673854e-10
2.756803453506436811e-10
2.614892581822932537e-10
2.475761787489898564e-10
2.345830392810831929e-10
2.224132384899626571e-10
2.103445154500788163e-10
1.995138935588751809e-10
1.890727915722804235e-10
1.788381838022132168e-10
1.697142426315650711e-10
1.606111246895029955e-10
1.522271321711563602e-10
1.443894133111128604e-10
1.365031716774357141e-10
1.295805783458156417e-10
1.228125787209578674e-10
1.162069626139681755e-10
1.103929064871032594e-10
1.044868836725287374e-10
9.912462126401666562e-11
9.411732878599880785e-11
8.899902866380547268e-11
8.458278846815695617e-11
8.018182737884116216e-11
7.592136195967575200e-11
7.215949640941478190e-11
6.829182915633784022e-11
6.481288968750160259e-11
6.155292604053981733e-11
5.819855413476573450e-11
5.534138120727249651e-11
5.245001870289009631e-11
4.969826149823515359e-11
4.723822647359051123e-11
4.471523908887570990e-11
4.245833488670562397e-11
4.033392679735096999e-11
3.814749440651062225e-11
3.629558204855686134e-11
3.439835882289004056e-11
3.262047361086340327e-11
3.101368630163124862e-11
2.936656247579661193e-11
2.790091005759718110e-11
2.651089893096782240e-11
2.509026662794521085e-11
2.388058046106376028e-11
2.263698570528002673e-11
2.148331959535605613e-11
2.042943940628752615e-11
1.934825075703107045e-11
1.839595362787633505e-11
1.747983037275203375e-11
1.655574845688170197e-11
1.576035396715333630e-11
1.494549778956871572e-11
1.419241149001990371e-11
1.349817154457531856e-11
1.278974287484198551e-11
1.216506040471954855e-11
1.155927853255994890e-11
1.095424268524534669e-11
1.042937422844067677e-11
9.888269047756166049e-12
9.395154958095512488e-12
8.932271450776290723e-12
8.465268617050119755e-12
8.050833856482476064e-12
7.647067078741822563e-12
7.247963801254105085e-12
6.896042075726302295e-12
6.536795241121132020e-12
6.206809624751708158e-12
5.897640429925451141e-12
5.584739092721305561e-12
5.306982633003703047e-12
5.033050823527893480e-12
4.767044254766955316e-12
4.526819739341792901e-12
4.283911589513553276e-12
4.060210170418238735e-12
3.847415260504942417e-12
3.635455835015669620e-12
3.443674939138669057e-12
3.254228611640898986e-12
3.071602853318161505e-12
2.903526774933757701e-12
2.734848799137840632e-12
2.577808783125066384e-12
2.428231996040921321e-12
2.279419645361490400e-12
2.142905256225593418e-12
2.008507580376655104e-12
1.879184793857235219e-12
1.758360199420162856e-12
1.638447429214310615e-12
1.526374463573554055e-12
1.418771550221840619e-12
1.313804706036980602e-12
1.216341495160203700e-12
1.121357274188319555e-12
1.031577501406341644e-12
9.469934946260882561e-13
8.655900178874967568e-13
7.900797479635450052e-13
7.188829258665195883e-13
6.517105256873812901e-13
5.903718805105008486e-13
5.329830378112906761e-13
4.805753678195297627e-13
4.335595894489872544e-13
3.903959490769914093e-13
3.527208994743243479e-13
3.194719467230198643e-13
2.904157086252002410e-13
2.661820849171443662e-13
2.454750434203455509e-13
2.285286710766069563e-13
2.151604913600580869e-13
2.041725171485732020e-13
1.959181578120670823e-13
1.892068287901106115e-13
1.838252804538266572e-13
1.791758858340534741e-13
1.746188234834920493e-13
1.697430887017748932e-13
1.642161222655553042e-13
1.575428772624016014e-13
1.497182639940498448e-13
1.404781751985412748e-13
1.301890091056044121e-13
1.187734404499220785e-13
1.068596190057648291e-13
9.469543972438346376e-14
8.293854779824780809e-14
7.207914174681511500e-14
6.257610960716962541e-14
5.477980409485251385e-14
4.909421998680119550e-14
4.525612960493484611e-14
4.340715329151128819e-14
4.289073748942132213e-14
4.333791192938754441e-14
4.407081883194425924e-14
4.440111922199469723e-14
4.381117835656514262e-14
4.204638422351799060e-14
3.884086088859049139e-14
3.463557125481838000e-14
2.968516378985214130e-14
2.477507743133363949e-14
2.053604339830574380e-14
1.747820938175604124e-14
1.589612751577827860e-14
1.577127991969916491e-14
1.653757668031460938e-14
1.769736194278651994e-14
1.834053077191471186e-14
1.802599878857652817e-14
1.651746578457746060e-14
1.402986546157755000e-14
1.120038903071253381e-14
8.831796168350867697e-15
7.442496016927413270e-15
7.365013361049105652e-15
8.125074773427484709e-15
9.105295265115658772e-15
9.485498867418277774e-15
8.807027996189616659e-15
7.218495351134651083e-15
5.410018056506963210e-15
4.131303388783589974e-15
3.962817517056631007e-15
4.601038136073037649e-15
5.390912445427288307e-15
5.490622166978669508e-15
4.639444004114451152e-15
3.321795004825878846e-15
2.426915922644827708e-15
2.428785140474798277e-15
3.117265196814143369e-15
3.543899309310240126e-15
3.168621791568086541e-15
2.198169204367319085e-15
1.518957842690784953e-15
1.665537480610358546e-15
2.252629283768344579e-15
2.348456711999869388e-15
1.741397744988289624e-15
1.066403820394431474e-15
1.122983307251993918e-15
1.599243769888043520e-15
1.632979079330415583e-15
1.053562403779180228e-15
7.075782788519432783e-16
9.939987198483549151e-16
1.265609944865551162e-15
8.879865456862545461e-16
5.219972959877956470e-16
7.339346571408065105e-16
9.509698403014154472e-16
6.064123213276627675e-16
3.995228201759191045e-16
6.586866979200417719e-16
6.643690810316620899e-16
3.226218714680404272e-16
4.294774700529782134e-16
5.675186263974232636e-16
3.070033447220728136e-16
3.018925061290914401e-16
4.674336443888625731e-16
2.381014445139715055e-16
2.685728039281266480e-16
3.579206317020686642e-16
1.766367752365170760e-16
2.575921571264474581e-16
2.555515618178338593e-16
1.344453136091399872e-16
2.617637214748958211e-16
1.232811980474383426e-16
1.908731934686391998e-16
1.503897923891636891e-16
1.274029333620356418e-16
1.563157923210010631e-16
9.568305558976562705e-17
1.410520252312599974e-16
8.258901379668488161e-17
1.194300124643145189e-16
7.519663612582671971e-17
9.958964168464969768e-17
6.842832936129460395e-17
8.342433649938509120e-17
6.141639840484301009e-17
7.050229404042272216e-17
5.445173668250594365e-17
6.003094524784584878e-17
4.787495253626656503e-17
5.138477565246766757e-17
4.186958269896437543e-17
4.413730301944570807e-17
3.649479361402467025e-17
3.799910443315214723e-17
3.174085042880811732e-17
3.276517509517769546e-17
2.756581490780419793e-17
2.828265790587422634e-17
2.391538496180877942e-17
2.443249951363662193e-17
2.073277778319715664e-17
2.111894687490449255e-17
1.796338815753219242e-17
1.826325804432034364e-17
1.555681070233306522e-17
1.579970241288539412e-17
1.346754941191888503e-17
1.367285336840811814e-17
1.165508136891269950e-17
1.183564975224792425e-17
1.008361230029430446e-17
1.024794168632051770e-17
8.721696888328570126e-18
8.875359504322062882e-18
7.541812866058108981e-18
7.688409653107249612e-18
6.519934509051163131e-18
6.661737436438075622e-18
5.635128100734018124e-18
5.773516887862288642e-18
4.869179646393153933e-18
5.004940502732547643e-18
4.206258498399036017e-18
4.339789055366660800e-18
3.632616998719444185e-18
3.764066922799068707e-18
3.136324392106388125e-18
3.265691528501870173e-18
2.707032436180465447e-18
2.834228090709888011e-18
2.335769743062883214e-18
2.460662472547423775e-18
2.014761898336663568e-18
2.137206340576791613e-18
1.737274457565386301e-18
1.857129776248472673e-18
1.497476210198462299e-18
1.614617373607441768e-18
1.290320236932295231e-18
1.404644409868533823e-18
1.111440642963571448e-18
1.222870286744658848e-18
9.570629676782304042e-19
1.065546809516987969e-18
8.239266241316325711e-19
9.294392846935405694e-19
7.092178191287813528e-19
8.117586707969950079e-19
6.105116831007181378e-19
7.101033509902556517e-19
5.257224500866444121e-19
6.224092206559975644e-19
4.530607115827486677e-19
5.469070706800594274e-19
3.909969125152618630e-19
4.820863332428182036e-19
3.382303566023173266e-19
4.266644619960222636e-19
2.936631238741901105e-19
3.795612893063493801e-19
2.563783943203797365e-19
3.398778639731485626e-19
2.256227626370626540e-19
3.068793424221261944e-19
2.007922197106344210e-19
