# bin_4
0.000000000000000000e+00
0.000000000000000000e+00
0.000000000000000000e+00
0.000000000000000000e+00
0.000000000000000000e+00
0.000000000000000000e+00
0.000000000000000000e+00
0.000000000000000000e+00
0.000000000000000000e+00
5.207054360135532529e-03
1.493403026203767026e-02
1.721359769171139711e-02
1.608923825133552060e-02
1.473778134112265457e-02
1.429964703109298969e-02
1.419954483000308160e-02
1.435452885717740032e-02
1.468218041125495150e-02
1.522232456816946349e-02
1.625116151647552909e-02
1.807945240693007924e-02
1.936881763445749347e-02
1.937468528438454976e-02
1.862779885214949430e-02
1.702118077731983384e-02
1.605547145856582938e-02
1.658076408194368578e-02
1.755859577331261509e-02
1.877362797333491373e-02
2.050708892185273274e-02
2.308407039153315132e-02
2.659600324685462702e-02
3.146755480194930038e-02
3.602809156632334753e-02
3.949873976637680029e-02
4.326855169420915775e-02
4.800200889682641747e-02
5.341912277927655939e-02
5.969558932628830222e-02
6.725310739475687249e-02
7.678877656036421639e-02
8.895891952547070602e-02
1.051151338401592056e-01
1.276032166837240411e-01
1.599703689355309877e-01
2.086994945338236374e-01
2.831205354621146864e-01
3.622008944929029362e-01
4.397037122770144912e-01
5.350596912034213393e-01
6.632526363783132206e-01
8.326833988487507554e-01
1.063780772493764681e+00
1.275015181383314600e+00
1.426426477493835776e+00
1.579815084203212594e+00
1.760027803538780855e+00
1.946835692481624358e+00
2.135119996429543754e+00
2.238007523100284057e+00
2.186185826852057978e+00
2.113677383890899542e+00
2.063971332477442022e+00
2.003405492856048742e+00
1.914374448192554645e+00
1.769948541419663401e+00
1.536604087406024277e+00
1.293545730285781348e+00
1.067519999923376206e+00
8.685742233513442656e-01
7.118847553996556776e-01
5.866662562195108510e-01
5.018242734728695087e-01
4.214539879789646060e-01
3.334591331157172878e-01
2.608562993724802825e-01
2.189989218116057956e-01
1.914952800885213191e-01
1.779473755255283063e-01
1.637759549957483463e-01
1.430540790146533070e-01
1.230328368151752672e-01
1.068225668485557195e-01
9.359458710963432237e-02
8.426798577165227344e-02
7.796114430113372518e-02
7.558816750784212724e-02
7.130262915118039391e-02
6.203582705644274109e-02
5.364294216064141585e-02
4.876379789574625950e-02
4.593990696825838577e-02
4.545970046391567543e-02
4.494639509497247443e-02
4.346228165786748115e-02
4.176872326657574824e-02
4.007451607529823046e-02
3.794422177821597797e-02
3.502707254761831812e-02
3.119000167368579310e-02
2.599841197808873752e-02
2.126287448225561150e-02
1.787702557926754490e-02
1.525339921635490009e-02
1.348086379374603509e-02
1.219678909278644301e-02
1.146350537353841084e-02
1.079801822484375944e-02
1.004078871385992618e-02
9.255622984112988824e-03
8.455697567797583122e-03
7.671559721675651200e-03
6.921654924287977927e-03
6.250068651053703253e-03
5.706534403939129627e-03
5.325189830380305453e-03
5.186808412440658232e-03
5.010867612841815068e-03
4.672686983655353031e-03
4.175567199078504370e-03
3.454641138942682061e-03
2.835598944908467381e-03
2.487450930827710474e-03
2.211773139201153853e-03
1.961593659206825168e-03
1.721937198731200757e-03
1.491362033667284872e-03
1.247374194688952121e-03
9.756472075661784971e-04
7.725206541745791543e-04
7.039962668523821240e-04
6.671737175608432810e-04
6.352465282828500918e-04
5.792029273307413998e-04
4.777278801516558239e-04
3.982882887903724809e-04
3.762818663251558298e-04
3.587088146140763982e-04
3.268115373580918735e-04
2.856004720087172710e-04
2.331469572931750079e-04
1.863501470526361843e-04
1.541336064784978844e-04
1.300205831261261129e-04
1.148660209683739498e-04
1.020947535649966733e-04
9.014272149239792222e-05
7.514987168752445710e-05
5.435009203455835273e-05
3.703014366995558749e-05
2.824839456455443453e-05
2.233248528711306508e-05
1.827014149044559708e-05
1.509466898217803024e-05
1.279939635584803861e-05
1.134283668635938035e-05
1.105793352255227553e-05
1.141596370508321633e-05
1.247898296574662673e-05
1.377795855529389646e-05
1.522876669543428289e-05
