# bin_1
2.697291917618721991e-03
4.874494980081608975e-02
6.651811601245743999e-02
8.653428878571427230e-02
1.355973392479631612e-01
1.894242875382655122e-01
2.496953517955743385e-01
3.714180370250867447e-01
5.137130389767229355e-01
6.815987100976936830e-01
9.538773419825207212e-01
1.186274726843956850e+00
1.434855394555232033e+00
1.895384361214904390e+00
2.229457480473524988e+00
2.666966670115623383e+00
2.738786822460306247e+00
2.694731318742518145e+00
2.741314475019214658e+00
2.878916230029785250e+00
2.859791667549287375e+00
2.792054168112021895e+00
2.505639071390613370e+00
2.246961805242178922e+00
1.875486989401813798e+00
1.341355040498112050e+00
1.103569903348737169e+00
6.453711477970893728e-01
3.779751668674868892e-01
2.132484707178445571e-01
1.007841454946374476e-01
3.170370268767665201e-02
2.338183271890892367e-02
1.350698805207777888e-02
9.081999114339730714e-03
6.251259761786461498e-03
4.384930196244652030e-03
3.499182043429499133e-03
3.488413457210705164e-03
3.678147693875788091e-03
3.448076359168673975e-03
3.216726518830186760e-03
2.911944476756376209e-03
2.654211375240693189e-03
2.602783085717882451e-03
2.577942349633188020e-03
2.470891755506833976e-03
2.360698099621456533e-03
2.165428098192798134e-03
1.967821001159418288e-03
1.790718038235748939e-03
1.458295031091938563e-03
1.401306689665650709e-03
1.344819351613743682e-03
1.386012769427624964e-03
1.460271904972529388e-03
1.547704601044458568e-03
1.719546018958677692e-03
1.848618733906349761e-03
2.004325361906036766e-03
2.010552908900657080e-03
1.965394662026069463e-03
1.908298443988092064e-03
1.810949803628868812e-03
1.776254677024854695e-03
1.711831900475672573e-03
1.436909064319719792e-03
1.198469182016653886e-03
1.021418658831418523e-03
8.478459736711077815e-04
8.302729805774767017e-04
8.030559663050655878e-04
8.600693854904456438e-04
9.104365657934107483e-04
8.588918336432243032e-04
7.274551076454567914e-04
6.952879598652279359e-04
6.406505499257297235e-04
6.930932525062809529e-04
7.466491469886673855e-04
7.878959869359634461e-04
8.336801852615252509e-04
9.110835917877957739e-04
1.082574869394923017e-03
1.264171176555110073e-03
1.417557891541516455e-03
1.539487832180773267e-03
0.000000000000000000e+00
0.000000000000000000e+00
0.000000000000000000e+00
0.000000000000000000e+00
0.000000000000000000e+00
0.000000000000000000e+00
0.000000000000000000e+00
0.000000000000000000e+00
0.000000000000000000e+00
0.000000000000000000e+00
0.000000000000000000e+00
0.000000000000000000e+00
0.000000000000000000e+00
0.000000000000000000e+00
0.000000000000000000e+00
0.000000000000000000e+00
0.000000000000000000e+00
0.000000000000000000e+00
0.000000000000000000e+00
0.000000000000000000e+00
0.000000000000000000e+00
0.000000000000000000e+00
0.000000000000000000e+00
0.000000000000000000e+00
0.000000000000000000e+00
0.000000000000000000e+00
0.000000000000000000e+00
0.000000000000000000e+00
0.000000000000000000e+00
0.000000000000000000e+00
0.000000000000000000e+00
0.000000000000000000e+00
0.000000000000000000e+00
0.000000000000000000e+00
0.000000000000000000e+00
0.000000000000000000e+00
0.000000000000000000e+00
0.000000000000000000e+00
0.000000000000000000e+00
0.000000000000000000e+00
0.000000000000000000e+00
0.000000000000000000e+00
0.000000000000000000e+00
0.000000000000000000e+00
0.000000000000000000e+00
0.000000000000000000e+00
0.000000000000000000e+00
0.000000000000000000e+00
0.000000000000000000e+00
0.000000000000000000e+00
0.000000000000000000e+00
0.000000000000000000e+00
0.000000000000000000e+00
0.000000000000000000e+00
0.000000000000000000e+00
0.000000000000000000e+00
0.000000000000000000e+00
0.000000000000000000e+00
0.000000000000000000e+00
0.000000000000000000e+00
0.000000000000000000e+00
0.000000000000000000e+00
0.000000000000000000e+00
0.000000000000000000e+00
0.000000000000000000e+00
0.000000000000000000e+00
0.000000000000000000e+00
0.000000000000000000e+00
0.000000000000000000e+00
0.000000000000000000e+00
0.000000000000000000e+00
0.000000000000000000e+00
0.000000000000000000e+00
0.000000000000000000e+00
