# bin_3
0.000000000000000000e+00
0.000000000000000000e+00
0.000000000000000000e+00
0.000000000000000000e+00
0.000000000000000000e+00
1.042247777057118355e-03
5.354698593330120895e-03
7.770592966734078851e-03
9.892029116321471652e-03
1.049823211228590424e-02
1.042215842397647106e-02
1.056531862007432411e-02
1.075733904684727897e-02
1.040120593100966363e-02
1.003427979587092830e-02
9.837163436233064759e-03
9.895944143504082149e-03
1.049979898146398589e-02
1.166593966531348156e-02
1.265978911784813692e-02
1.388095268362854809e-02
1.476822702216513093e-02
1.552901398618756861e-02
1.722498761890652041e-02
2.078778556887788884e-02
2.645977425637107902e-02
3.610455126588533320e-02
4.916785677277993316e-02
6.111502018773151690e-02
8.071066025647741227e-02
1.058113664023901668e-01
1.217935143574610246e-01
1.551737995099843614e-01
2.089860465767916786e-01
2.614320551214325272e-01
3.507660808847409273e-01
4.725732926053248795e-01
6.093293170926141755e-01
8.656951446889303847e-01
1.165267059440663111e+00
1.438544712515422930e+00
1.795565572199652626e+00
2.106139028185601170e+00
2.213073615948806694e+00
2.334998786344664179e+00
2.369901349305432614e+00
2.368166391784384484e+00
2.264438663799650531e+00
2.147558734761841670e+00
2.104472795401242990e+00
2.037540343449692593e+00
1.906455522179315798e+00
1.735104096262467088e+00
1.406354868448552287e+00
1.091771869001967765e+00
8.337211826182236996e-01
4.970005152642821278e-01
3.956613171586779165e-01
2.943951827063701621e-01
2.309758608660116286e-01
2.014781797890008441e-01
1.878818875348383655e-01
1.775217318109451603e-01
1.721613330193646485e-01
1.650732045771240719e-01
1.567062277387623326e-01
1.518191131084920265e-01
1.537164978774291368e-01
1.618637109751748238e-01
1.732193366880675489e-01
1.829334894088598951e-01
1.700772666586318482e-01
1.562660452574439751e-01
1.471029678541706520e-01
1.402499559195334589e-01
1.377933090112876957e-01
1.320017864548800879e-01
1.197475187812878372e-01
1.086652054139607276e-01
9.463346495039659523e-02
7.999166421123418691e-02
7.393216981849758118e-02
6.511006097713360752e-02
6.139711013033608694e-02
5.757590573857625238e-02
4.699121887935463898e-02
3.502050392783145893e-02
3.095046258884515469e-02
2.594039730843924335e-02
2.488919057443444993e-02
2.403177077850402257e-02
1.754366000768502187e-02
0.000000000000000000e+00
0.000000000000000000e+00
0.000000000000000000e+00
0.000000000000000000e+00
0.000000000000000000e+00
0.000000000000000000e+00
0.000000000000000000e+00
0.000000000000000000e+00
0.000000000000000000e+00
0.000000000000000000e+00
0.000000000000000000e+00
0.000000000000000000e+00
0.000000000000000000e+00
0.000000000000000000e+00
0.000000000000000000e+00
0.000000000000000000e+00
0.000000000000000000e+00
0.000000000000000000e+00
0.000000000000000000e+00
0.000000000000000000e+00
0.000000000000000000e+00
0.000000000000000000e+00
0.000000000000000000e+00
0.000000000000000000e+00
0.000000000000000000e+00
0.000000000000000000e+00
0.000000000000000000e+00
0.000000000000000000e+00
0.000000000000000000e+00
0.000000000000000000e+00
0.000000000000000000e+00
0.000000000000000000e+00
0.000000000000000000e+00
0.000000000000000000e+00
0.000000000000000000e+00
0.000000000000000000e+00
0.000000000000000000e+00
0.000000000000000000e+00
0.000000000000000000e+00
0.000000000000000000e+00
0.000000000000000000e+00
0.000000000000000000e+00
0.000000000000000000e+00
0.000000000000000000e+00
0.000000000000000000e+00
0.000000000000000000e+00
0.000000000000000000e+00
0.000000000000000000e+00
0.000000000000000000e+00
0.000000000000000000e+00
0.000000000000000000e+00
0.000000000000000000e+00
0.000000000000000000e+00
0.000000000000000000e+00
0.000000000000000000e+00
0.000000000000000000e+00
0.000000000000000000e+00
0.000000000000000000e+00
0.000000000000000000e+00
0.000000000000000000e+00
0.000000000000000000e+00
0.000000000000000000e+00
0.000000000000000000e+00
0.000000000000000000e+00
0.000000000000000000e+00
0.000000000000000000e+00
0.000000000000000000e+00
0.000000000000000000e+00
0.000000000000000000e+00
