# bin_2
0.000000000000000000e+00
2.375029814829265114e-03
7.432235782554208643e-03
1.088516769538989959e-02
1.520442267790973398e-02
2.048738131956543557e-02
2.482014026351157115e-02
2.939439404279014720e-02
3.401737125243085164e-02
3.616257774602141956e-02
3.670552964877824009e-02
3.403789110389020267e-02
3.186100417245103095e-02
3.199905482363633175e-02
3.460519260036961503e-02
3.982889591123577738e-02
4.919275579126914516e-02
6.258125681195894630e-02
7.994891375258585120e-02
1.195407346820479416e-01
1.969418833315356443e-01
3.264044205789382036e-01
5.870566322434245254e-01
9.519689572089032881e-01
1.279949330297793564e+00
1.677612369769868605e+00
2.047696304384384991e+00
2.328729678179587648e+00
2.661265028996660842e+00
2.837914085579458234e+00
2.927727882642191748e+00
2.946697183045689616e+00
2.883735086996906727e+00
2.695941198070158862e+00
2.455090596368309175e+00
2.316398298289860325e+00
2.092406592274507648e+00
1.622846140086587452e+00
1.197767300620444342e+00
9.263433089740493731e-01
6.253550145136256289e-01
4.583289625604875517e-01
3.159434755742201451e-01
1.886676166392996790e-01
1.139169297956170029e-01
8.698919521251437248e-02
6.565503282468039548e-02
5.242906800164016251e-02
3.905717328720392789e-02
2.586530173151024500e-02
1.676850224184340057e-02
9.867605459750726851e-03
4.249417643180698062e-03
3.630938329929468081e-03
3.158340797319828582e-03
3.090144748486649360e-03
3.321470753523608505e-03
4.006033819967642386e-03
5.084832425982548781e-03
6.229262334050829700e-03
7.578092953419676356e-03
8.806363013704443174e-03
9.811619379143194861e-03
1.114298427243374037e-02
1.258044133763365144e-02
1.361297459751239017e-02
1.452135191488242161e-02
1.465987298850466095e-02
1.465212346947230258e-02
1.480693886905331928e-02
1.504142711193374483e-02
1.528149441726515088e-02
1.551493263957701499e-02
1.556256897075434555e-02
1.519207290917422813e-02
1.385694257580701895e-02
1.244382835388910258e-02
1.158630093084115145e-02
1.068747887679561380e-02
1.042700201251506829e-02
9.752235776785527985e-03
7.879030428700237176e-03
6.227812257611464383e-03
5.694504472780886027e-03
5.345213269431538412e-03
5.507221270301518659e-03
5.460037417516419057e-03
3.180586985243364761e-03
0.000000000000000000e+00
0.000000000000000000e+00
0.000000000000000000e+00
0.000000000000000000e+00
0.000000000000000000e+00
0.000000000000000000e+00
0.000000000000000000e+00
0.000000000000000000e+00
0.000000000000000000e+00
0.000000000000000000e+00
0.000000000000000000e+00
0.000000000000000000e+00
0.000000000000000000e+00
0.000000000000000000e+00
0.000000000000000000e+00
0.000000000000000000e+00
0.000000000000000000e+00
0.000000000000000000e+00
0.000000000000000000e+00
0.000000000000000000e+00
0.000000000000000000e+00
0.000000000000000000e+00
0.000000000000000000e+00
0.000000000000000000e+00
0.000000000000000000e+00
0.000000000000000000e+00
0.000000000000000000e+00
0.000000000000000000e+00
0.000000000000000000e+00
0.000000000000000000e+00
0.000000000000000000e+00
0.000000000000000000e+00
0.000000000000000000e+00
0.000000000000000000e+00
0.000000000000000000e+00
0.000000000000000000e+00
0.000000000000000000e+00
0.000000000000000000e+00
0.000000000000000000e+00
0.000000000000000000e+00
0.000000000000000000e+00
0.000000000000000000e+00
0.000000000000000000e+00
0.000000000000000000e+00
0.000000000000000000e+00
0.000000000000000000e+00
0.000000000000000000e+00
0.000000000000000000e+00
0.000000000000000000e+00
0.000000000000000000e+00
0.000000000000000000e+00
0.000000000000000000e+00
0.000000000000000000e+00
0.000000000000000000e+00
0.000000000000000000e+00
0.000000000000000000e+00
0.000000000000000000e+00
0.000000000000000000e+00
0.000000000000000000e+00
0.000000000000000000e+00
0.000000000000000000e+00
0.000000000000000000e+00
0.000000000000000000e+00
0.000000000000000000e+00
0.000000000000000000e+00
0.000000000000000000e+00
0.000000000000000000e+00
0.000000000000000000e+00
0.000000000000000000e+00
0.000000000000000000e+00
0.000000000000000000e+00
0.000000000000000000e+00
0.000000000000000000e+00
