# bin_4_1
1.316314826093871277e-08
1.321086058873532228e-08
1.326022052787971898e-08
1.331127548373017231e-08
1.336407109671727841e-08
1.341865259341561521e-08
1.347506562973524642e-08
1.353335637071782346e-08
1.359357443827131676e-08
1.365577298067993494e-08
1.372000499309600787e-08
1.378632327273642379e-08
1.385477644591924311e-08
1.392540975980594959e-08
1.399826841002413717e-08
1.407340061135707401e-08
1.415086402590216838e-08
1.423071783429265120e-08
1.431301886810102368e-08
1.439781419044102105e-08
1.448514642297016605e-08
1.457506101193484087e-08
1.466761659017324447e-08
1.476287525915798657e-08
1.486088950290283754e-08
1.496169764692760203e-08
1.506533821068354204e-08
1.517186351353702543e-08
1.528132524352786916e-08
1.539375359603843313e-08
1.550916155257975579e-08
1.562757461429976516e-08
1.574903279406321371e-08
1.587355605410941210e-08
1.600112722369833048e-08
1.613173720583347031e-08
1.626540842723205123e-08
1.640214662724015671e-08
1.654191175049333150e-08
1.668468212242306622e-08
1.683049122374376642e-08
1.697934559609785191e-08
1.713122266849799388e-08
1.728616347502258086e-08
1.744423250741529061e-08
1.760542811071573139e-08
1.776976980202671397e-08
1.793730864419699418e-08
1.810801716925146120e-08
1.828185780586210875e-08
1.845883216918669450e-08
1.863882850418543358e-08
1.882170911191338239e-08
1.900740934242508364e-08
1.919572229138612933e-08
1.938646751803478148e-08
1.957953971456643996e-08
1.977466279401789443e-08
1.997164142755635738e-08
2.017025067055551361e-08
2.037013200826238833e-08
2.057103615685804873e-08
2.077261469764107087e-08
2.097466996883046296e-08
2.117703132599245009e-08
2.137954392061552005e-08
2.158226259408485324e-08
2.178504559382290387e-08
2.198787319125112312e-08
2.219062713311398403e-08
2.239307880158814315e-08
2.259500938242424619e-08
2.279597474274318965e-08
2.299552914841985759e-08
2.319299347385374153e-08
2.338772550579402720e-08
2.357899663290312833e-08
2.376636997738345733e-08
2.394937384419689040e-08
2.412779243175850383e-08
2.430142095852312150e-08
2.447013519290399157e-08
2.463378593835681532e-08
2.479196293659713482e-08
2.494427535799500749e-08
2.509011652173325152e-08
2.522889746279544351e-08
2.536007572552447040e-08
2.548299560167454695e-08
2.559703000545668268e-08
2.570145051037277804e-08
2.579566734015566448e-08
2.587932649233474508e-08
2.595230223668951676e-08
2.601456093617766954e-08
2.606590664077139816e-08
2.610587282759070011e-08
2.613362339848743078e-08
2.614827394521833764e-08
2.614912810493233992e-08
2.613573290823434722e-08
2.610795554323752666e-08
2.606584755987746972e-08
2.600942088932357487e-08
2.593842107252830677e-08
2.585231107034149246e-08
2.575047716222389115e-08
2.563241889208652556e-08
2.549805994031927650e-08
2.534745918238410961e-08
2.518077923881067713e-08
2.499807896536556256e-08
2.479933529326434628e-08
2.458439576390200756e-08
2.435298039734592165e-08
2.410520515295619942e-08
2.384147281099391198e-08
2.356237962011802650e-08
2.326822863229965299e-08
2.295913332124895815e-08
2.263521526226280417e-08
2.229696929480571228e-08
2.194516166641002097e-08
2.158050042493563026e-08
2.120355731822156002e-08
2.081480636672793299e-08
2.041492815996081357e-08
2.000473999012121948e-08
1.958531852378814968e-08
1.915747242739270054e-08
1.872196401559520230e-08
1.827964621948001272e-08
1.783168503138436995e-08
1.737909413868040956e-08
1.692287006227493131e-08
1.646392071768556214e-08
1.600333419110375697e-08
1.554223087111924728e-08
1.508160922789855228e-08
1.462241505470662059e-08
1.416562250775362184e-08
1.371228440904308782e-08
1.326326125708526594e-08
1.281938590321097065e-08
1.238149590295171733e-08
1.195037285617619371e-08
1.152666390486192443e-08
1.111097393870601688e-08
1.070385809814186832e-08
1.030576267374781710e-08
9.917042067233579878e-09
9.538000543803394936e-09
9.168847312082926855e-09
8.809699650235195758e-09
8.460632272039798804e-09
8.121626832018450921e-09
7.792606330998637396e-09
7.473453837526043635e-09
7.163996540567770535e-09
6.864032526134433029e-09
6.573335115652926148e-09
6.291667792810643427e-09
6.018789924118014156e-09
5.754467549335423995e-09
5.498483977802754935e-09
5.250645278790693299e-09
5.010783637664055207e-09
4.778764913876053684e-09
4.554489643642412595e-09
4.337889188473311734e-09
4.128926097056915914e-09
3.927587460509699943e-09
3.733872717992920038e-09
3.547790944375691822e-09
3.369349023935471338e-09
3.198539797075254312e-09
3.035335529644490311e-09
2.879675640743685149e-09
2.731459718271325685e-09
2.590543735210237281e-09
2.456736219174218617e-09
2.329800688810419910e-09
2.209461720213445840e-09
2.095412040872481463e-09
1.987325860415516567e-09
1.884868180959244635e-09
1.787708717529805744e-09
1.695530799872322277e-09
1.608042381696590259e-09
1.524982205936366634e-09
1.446123770384472730e-09
1.371274248364959720e-09
1.300270699279928435e-09
1.232971047874379563e-09
1.169243509222078313e-09
1.108956495794323824e-09
1.051971543178689319e-09
9.981396808009941938e-10
9.473001987833758149e-10
8.992830284893242605e-10
8.539141237685712310e-10
8.110243369282896680e-10
7.704578641680113450e-10
7.320768265027444370e-10
6.957595263949579412e-10
6.613951286260675089e-10
6.288798100872913207e-10
5.981145273615427570e-10
5.690009975514786002e-10
5.414411975299194876e-10
5.153419155791703078e-10
4.906142119513781696e-10
4.671710203392611440e-10
4.449315758833598956e-10
4.238250449266392394e-10
4.037853038234356478e-10
3.847473599938493084e-10
3.666502079306572286e-10
3.494354556349226456e-10
3.330499282462843032e-10
3.174439332400101836e-10
3.025700687241648144e-10
2.883858189617099344e-10
2.748513813794350125e-10
2.619292356705506015e-10
2.495847223020675457e-10
2.377858755560072239e-10
2.265031317396124531e-10
2.157091577858984794e-10
2.053787657374483930e-10
1.954886214812436125e-10
1.860173118477851643e-10
1.769450594018922837e-10
1.682535206806668445e-10
1.599258607680546456e-10
1.519464740087780887e-10
1.443008101031442502e-10
1.369754879408127275e-10
1.299580699875278162e-10
1.232368305999317366e-10
1.168008723630543651e-10
1.106400370294544095e-10
1.047446103899402726e-10
9.910542803199156377e-11
9.371390511963536870e-11
8.856170864464052062e-11
8.364084082648251258e-11
7.894374315507415693e-11
7.446299379851598318e-11
7.019136451845627484e-11
6.612193468674703727e-11
6.224789352700092693e-11
5.856249945456998811e-11
5.505926209714362155e-11
5.173176007808974025e-11
4.857361538066825245e-11
4.557862665119282001e-11
4.274068323272022068e-11
4.005370516609872622e-11
3.751173836155398621e-11
3.510897727958151486e-11
3.283961564098039926e-11
3.069799800927404117e-11
2.867860660978410390e-11
2.677598134040368904e-11
2.498478686462565143e-11
2.329986378521965107e-11
2.171612257122297906e-11
2.022862765751715433e-11
1.883260829548467094e-11
1.752339815333223568e-11
1.629650112442834724e-11
1.514757546632025911e-11
1.407241390738548901e-11
1.306698483599037891e-11
1.212739609787212995e-11
1.124991881397964791e-11
1.043098058280949090e-11
9.667153934562262714e-12
8.955177528123299496e-12
8.291925173916243381e-12
7.674431894380429290e-12
7.099870502441709137e-12
6.565554845276081383e-12
6.068945238456917492e-12
5.607623658456733880e-12
5.179314082000302701e-12
4.781857830961265239e-12
4.413216397866289622e-12
4.071470118929465968e-12
3.754808806857523113e-12
3.461526934911167771e-12
3.190022788668529300e-12
2.938792192865291254e-12
2.706423996277567266e-12
2.491594603089802031e-12
2.293064464646827400e-12
2.109672636571325118e-12
1.940334277660126938e-12
1.784033174731819440e-12
1.639821031298976285e-12
1.506812875444816134e-12
1.384183978796044859e-12
1.271165779803128946e-12
1.167042784323347190e-12
1.071148788304522651e-12
9.828650853557418880e-13
9.016148951739221865e-13
8.268624270808482173e-13
7.581103379387109502e-13
6.948975810772313483e-13
6.367966274047935155e-13
5.834117354662684503e-13
5.343758683803335993e-13
4.893480785693713117e-13
4.480132634604933008e-13
4.100798313562198649e-13
3.752787774925364049e-13
3.433612679113082669e-13
3.140964262605178372e-13
2.872714258843539303e-13
2.626899181230296781e-13
2.401709789916554997e-13
2.195460430456466679e-13
2.006604700379112202e-13
1.833723255119531927e-13
1.675496776573704184e-13
1.530707524430657484e-13
1.398242265587288110e-13
1.277072284322348001e-13
1.166246598132987431e-13
1.064904745352932415e-13
9.722457438784187187e-14
8.875360262899562576e-14
8.101156437540605207e-14
7.393613490953103969e-14
6.747218978378050743e-14
6.156785125490798029e-14
5.617670780639490377e-14
5.125537143029885463e-14
4.676472653656828345e-14
4.266786406082049653e-14
3.893168072852130533e-14
3.552433340133757886e-14
3.241753564813561500e-14
2.958445599690515140e-14
2.700074901367761685e-14
2.464484963027235164e-14
2.249647424605386622e-14
2.053748080826835332e-14
1.875140184273989598e-14
1.712340176796274641e-14
1.563944003780689408e-14
1.428688936359164252e-14
1.305422413436136443e-14
1.193092583721401302e-14
1.090739415552300292e-14
9.974868326122765825e-15
9.125357974818331653e-15
8.351575829770136067e-15
7.646873853238091440e-15
7.005186350574919076e-15
6.421132514157613911e-15
5.889530216702043168e-15
5.405747291580680458e-15
4.965734787042731113e-15
4.565575075817380225e-15
4.201810813116790410e-15
3.871261355443081349e-15
3.571070111322810722e-15
3.298511362433934261e-15
3.051242413885014743e-15
2.827088128772672350e-15
2.623993168859244503e-15
2.440139578114259879e-15
2.273862213137331208e-15
2.123635113386269867e-15
1.988086550125803353e-15
1.865965667420266099e-15
1.756048678166759288e-15
1.657330114466185943e-15
1.568790922779339028e-15
1.489598499703855562e-15
1.418881974904791325e-15
1.355901899309507542e-15
1.299968129835939061e-15
1.250437037981393101e-15
1.206708795085613357e-15
1.168254220507655689e-15
1.134553879533598767e-15
1.105149763011447974e-15
1.079601427767860254e-15
1.057521078530478033e-15
1.038544971763195239e-15
1.022335209170316960e-15
1.008588374595426554e-15
9.970255395821718996e-16
9.873916320807627897e-16
9.794496169399277294e-16
9.729857744848896368e-16
