# bin_3_1
1.294151990160117864e-08
1.298803496949458798e-08
1.303615294145451953e-08
1.308591965074376826e-08
1.313737912742051339e-08
1.319057494002366725e-08
1.324555103836134043e-08
1.330235183043634745e-08
1.336102511217964662e-08
1.342162214703814300e-08
1.348419399166839779e-08
1.354879145150344042e-08
1.361546113306297610e-08
1.368424621854058776e-08
1.375518978922935474e-08
1.382833787338570366e-08
1.390374585792530266e-08
1.398147058351206103e-08
1.406156649692613686e-08
1.414407827310941470e-08
1.422904611066565295e-08
1.431651295933570880e-08
1.440653483026591013e-08
1.449917112921397240e-08
1.459447165092661482e-08
1.469247205010502967e-08
1.479320811853190696e-08
1.489672929018720839e-08
1.500308429775945639e-08
1.511230043827848403e-08
1.522438783638217182e-08
1.533936902167275516e-08
1.545728086840017784e-08
1.557814022782496014e-08
1.570192696025299596e-08
1.582862892979780000e-08
1.595826529937889975e-08
1.609083857612424205e-08
1.622630570311442998e-08
1.636464190874587455e-08
1.650587731757588531e-08
1.665001530988223094e-08
1.679703037845020256e-08
1.694696033307645633e-08
1.709986639360731796e-08
1.725574406988638255e-08
1.741460993634496003e-08
1.757651189824848881e-08
1.774141983231641260e-08
1.790929352629656899e-08
1.808013165605195798e-08
1.825382017382929727e-08
1.843021913590710202e-08
1.860926134127735844e-08
1.879073819907956163e-08
1.897446745363133876e-08
1.916034185112595970e-08
1.934808439954545702e-08
1.953749839420202464e-08
1.972835789491728911e-08
1.992030420241329288e-08
2.011308729736636533e-08
2.030635915458556621e-08
2.049992222305242843e-08
2.069360641764460634e-08
2.088725827432023576e-08
2.108093346373864753e-08
2.127449261271943449e-08
2.146791788337736159e-08
2.166109401525768527e-08
2.185379589554838308e-08
2.204580854994812786e-08
2.223669297148954658e-08
2.242600837304755171e-08
2.261308225570576545e-08
2.279727885582842971e-08
2.297787765217138937e-08
2.315444952462410417e-08
2.332653200815152156e-08
2.349391863468761616e-08
2.365641504952280049e-08
2.381390798683817455e-08
2.396626010912133338e-08
2.411307435763749290e-08
2.425397355756734669e-08
2.438836628006554186e-08
2.451567958149021556e-08
2.463538801171059429e-08
2.474685406219457499e-08
2.484946966350572001e-08
2.494252640836832982e-08
2.502545540149021914e-08
2.509792407931944056e-08
2.515982906528830701e-08
2.521115998083865024e-08
2.525174523720462344e-08
2.528114391696650775e-08
2.529854683284669184e-08
2.530309738653531573e-08
2.529412755956807574e-08
2.527121321860795089e-08
2.523425065925543720e-08
2.518332072830419743e-08
2.511846535173487131e-08
2.503946087974551963e-08
2.494580180459410175e-08
2.483690626711079350e-08
2.471230582623696935e-08
2.457195515745085719e-08
2.441594384127984001e-08
2.424446467495241797e-08
2.405760645859161785e-08
2.385537568620965165e-08
2.363764859004889162e-08
2.340417331180586877e-08
2.315509164920292031e-08
2.289083052669727101e-08
2.261200815340461191e-08
2.231894834273244618e-08
2.201178341376859925e-08
2.169065159087020931e-08
2.135606088526135938e-08
2.100878738983429251e-08
2.064954610461055470e-08
2.027891277730293936e-08
1.989736219081667963e-08
1.950557130377737661e-08
1.910434995028983921e-08
1.869476230683437631e-08
1.827760136736224421e-08
1.785360932693088825e-08
1.742361457537616057e-08
1.698875315203297240e-08
1.655000513879054146e-08
1.610832872253922406e-08
1.566458977804167992e-08
1.521982966444920692e-08
1.477511818897052715e-08
1.433140010007416624e-08
1.388956436460780934e-08
1.345052547271202968e-08
1.301527396593614559e-08
1.258460699722074460e-08
1.215929276104036117e-08
1.174010365313727805e-08
1.132775642632982960e-08
1.092283472325683129e-08
1.052588176279132308e-08
1.013739372855154486e-08
9.757761449141796461e-09
9.387287983796063614e-09
9.026230928490578572e-09
8.674758219670898198e-09
8.332951733898778410e-09
8.000856849891071734e-09
7.678432501186787350e-09
7.365585504925954650e-09
7.062189128005852049e-09
6.768066963177596415e-09
6.483019184753698497e-09
6.206826321797079975e-09
5.939263351132202486e-09
5.680104546381019951e-09
5.429133194945711011e-09
5.186151073983753875e-09
4.950982894115225667e-09
4.723478549354435020e-09
4.503519525219500264e-09
4.291018892202369780e-09
4.085916682820274352e-09
3.888179642812498618e-09
3.697794391596273108e-09
3.514755369190808727e-09
3.339062323385751827e-09
3.170709117549051347e-09
3.009672835269737315e-09
2.855908434737787957e-09
2.709337972149786502e-09
2.569845141387559944e-09
2.437273028720704649e-09
2.311421676750862166e-09
2.192051567242554404e-09
2.078890239069258730e-09
1.971639509189622027e-09
1.869988278902192217e-09
1.773620913629172264e-09
1.682229751984295048e-09
1.595522395581746928e-09
1.513230839907621270e-09
1.435115901543036817e-09
1.360969769662196307e-09
1.290614067391196102e-09
1.223895736355540582e-09
1.160678485300769633e-09
1.100833358096042080e-09
1.044230174948890242e-09
9.907320140158758574e-10
9.401929136008123055e-10
8.924575741863859661e-10
8.473640409851089993e-10
8.047486857510046937e-10
7.644540406517658871e-10
7.263359257628041852e-10
6.902668951092679310e-10
6.561339590589029154e-10
6.238333419291969418e-10
5.932670118148023945e-10
5.643409700463770353e-10
5.369619624941855197e-10
5.110373683683523216e-10
4.864795123340021277e-10
4.632050709968709829e-10
4.411327234997237520e-10
4.201870205675902277e-10
4.003015459743400858e-10
3.814142034578516624e-10
3.634641456206347634e-10
3.463944228727576040e-10
3.301507731488845928e-10
3.146837936340546753e-10
2.999472993619396563e-10
2.858972703869874059e-10
2.724940459991127230e-10
2.597004881932601158e-10
2.474816958581913656e-10
2.358054856545709042e-10
2.246422030305665445e-10
2.139644560665400279e-10
2.037469315310037732e-10
1.939662659111194494e-10
1.846008115115606707e-10
1.756306935191527935e-10
1.670375382104766622e-10
1.588043117523738594e-10
1.509153834182759335e-10
1.433562497767046131e-10
1.361133672178889319e-10
1.291742587302467228e-10
1.225273172482874484e-10
1.161615753571859078e-10
1.100668246551606393e-10
1.042335409495386161e-10
9.865258072242678904e-11
9.331530600276747356e-11
8.821360967483622026e-11
8.333960214213304513e-11
7.868569176047631791e-11
7.424469686327539164e-11
7.000954610528169570e-11
6.597334057987517595e-11
6.212946888787308954e-11
5.847141444351273275e-11
5.499271671028035259e-11
5.168715555691078939e-11
4.854857136472360868e-11
4.557084149883800045e-11
4.274801446535831763e-11
4.007422555446192374e-11
3.754363808000952318e-11
3.515053893969043321e-11
3.288936183466948101e-11
3.075453884401282642e-11
2.874065169746323143e-11
2.684241870857273013e-11
2.505461499188393816e-11
2.337213913319849937e-11
2.179006394901121504e-11
2.030353049905800557e-11
1.890783147316414883e-11
1.759842165194118711e-11
1.637085729790307578e-11
1.522086130231001796e-11
1.414430698290654269e-11
1.313719785459423440e-11
1.219570828287209589e-11
1.131614709464326069e-11
1.049498098004946380e-11
9.728827462260991257e-12
9.014443165653251588e-12
8.348744718223003479e-12
7.728777770283374181e-12
7.151742790498461030e-12
6.614971667152553071e-12
6.115930893209005384e-12
5.652226906294570485e-12
5.221581486670984587e-12
4.821851988940459138e-12
4.451006927728379597e-12
4.107128886588766703e-12
3.788413303888691470e-12
3.493159266307169461e-12
3.219764858505637703e-12
2.966726427582672521e-12
2.732632503286151960e-12
2.516159463950726309e-12
2.316066289895849201e-12
2.131191248894625627e-12
1.960446680731224970e-12
1.802816679348964155e-12
1.657349822869384187e-12
1.523158633120720616e-12
1.399415175410289006e-12
1.285348148337682728e-12
1.180239001556462356e-12
1.083419011671308488e-12
9.942656981588703439e-13
9.122011982092850147e-13
8.366868735733289785e-13
7.672225127838180403e-13
7.033439446410535210e-13
6.446210006943718836e-13
5.906548732647739935e-13
5.410765282973359598e-13
4.955437653521859785e-13
4.537387269561918922e-13
4.153677661045964806e-13
3.801592093563736594e-13
3.478625073318911285e-13
3.182459168884007477e-13
2.910944044087706205e-13
2.662098299810800372e-13
2.434094460288303858e-13
2.225249179498003055e-13
2.033993317365082305e-13
1.858888104454899260e-13
1.698613647251529044e-13
1.551942630839873718e-13
1.417742368694278682e-13
1.294978205335826812e-13
1.182693938233365622e-13
1.080005347996167513e-13
9.861134333715710633e-14
9.002739186033712305e-14
8.218053946844091003e-14
7.500957412230242134e-14
6.845657043142241711e-14
6.247042359234053659e-14
5.700294408400963182e-14
5.201109530276879358e-14
4.745458602000691692e-14
4.329714033940418564e-14
3.950447419278091731e-14
3.604591171148802607e-14
3.289187494244300051e-14
3.001617997456212083e-14
2.739394842058259867e-14
2.500262715693497038e-14
2.282227680214333620e-14
2.083408846173977629e-14
1.902125151319300378e-14
1.736850838763507841e-14
1.586212642683723132e-14
1.448908250064235790e-14
1.323768432710258428e-14
1.209726355256856170e-14
1.105808322493867812e-14
1.011125685844306775e-14
9.248676677381093858e-15
8.462946729939368729e-15
7.747320328118227308e-15
7.095642693554078478e-15
6.502297269430188875e-15
5.962310352595416652e-15
5.470877796383518325e-15
5.023711823763401569e-15
4.617072551899154463e-15
4.247327272153016800e-15
3.911277371783826321e-15
3.605978885741545499e-15
3.328789843134385994e-15
3.077182597458451846e-15
2.848992120094530175e-15
2.642205830289069752e-15
2.454918168705127024e-15
2.285446410484836621e-15
2.132248756135585107e-15
1.993911782113821196e-15
1.869165681532972441e-15
1.756852313181128655e-15
1.655834801085442088e-15
1.565183430319549900e-15
1.483951328550808619e-15
1.411368281608882615e-15
1.346624052737426463e-15
1.289032479134583803e-15
1.237952440545488327e-15
1.192785490678489823e-15
1.152973517728652552e-15
1.118024514363060834e-15
1.087454637024409667e-15
1.060837594656953715e-15
1.037763094488575125e-15
1.017870176765635064e-15
1.000820196491588183e-15
9.862986590578814835e-16
9.740233601219332295e-16
9.637350302074868508e-16
9.551967661738802583e-16
9.481886982043419227e-16
9.425128854054347454e-16
