# bin_1_1
1.101267046695019046e-08
1.104886411268748308e-08
1.108627634193886724e-08
1.112493955987187960e-08
1.116488405767754434e-08
1.120613926772187324e-08
1.124873460251999592e-08
1.129269950603477468e-08
1.133806621676546038e-08
1.138486994059215703e-08
1.143314523007064289e-08
1.148292594582518607e-08
1.153424154718631304e-08
1.158711771070716408e-08
1.164157961135597976e-08
1.169765475827105824e-08
1.175537924988344132e-08
1.181479009775833509e-08
1.187592157057905811e-08
1.193879821001543876e-08
1.200343983082166076e-08
1.206986838339780942e-08
1.213811777539663473e-08
1.220822469069279505e-08
1.228021634583373950e-08
1.235410608136884036e-08
1.242990692337764900e-08
1.250764413761786570e-08
1.258734171361274116e-08
1.266900283514775959e-08
1.275261400269979624e-08
1.283817312827875690e-08
1.292569097772585765e-08
1.301515864934554085e-08
1.310653169147003158e-08
1.319977308861214119e-08
1.329487508597570113e-08
1.339181366457818751e-08
1.349052152092565896e-08
1.359094882613934506e-08
1.369309827943681655e-08
1.379694776642605511e-08
1.390244851000828658e-08
1.400961240847682606e-08
1.411847439358653795e-08
1.422900790130716583e-08
1.434120649447947648e-08
1.445509309271484098e-08
1.457061740040662615e-08
1.468771923435363179e-08
1.480637451852192450e-08
1.492645261668074503e-08
1.504779750161234718e-08
1.517032300798542288e-08
1.529380978479980525e-08
1.541806361319813973e-08
1.554296400777026077e-08
1.566823058455582242e-08
1.579365875645261949e-08
1.591901822750143362e-08
1.604395357975804970e-08
1.616821278098595123e-08
1.629145635775832464e-08
1.641349251292745253e-08
1.653416099501019448e-08
1.665332580138294168e-08
1.677105458812009752e-08
1.688723440485415677e-08
1.700186896806548170e-08
1.711487470696523414e-08
1.722606276380182700e-08
1.733525723183762126e-08
1.744206997265845220e-08
1.754610896962355432e-08
1.764676591819196379e-08
1.774346711170710752e-08
1.783556902143621348e-08
1.792271576189695060e-08
1.800453139000538935e-08
1.808089623634361445e-08
1.815171233803340917e-08
1.821696710681535419e-08
1.827663147450808897e-08
1.833042847313505832e-08
1.837810437326406781e-08
1.841920536583453596e-08
1.845330234144846402e-08
1.848002187811685028e-08
1.849888862899889422e-08
1.850946316744590921e-08
1.851121392993648675e-08
1.850375565186481300e-08
1.848694317758151327e-08
1.846086766651407926e-08
1.842572028171013754e-08
1.838153983890487605e-08
1.832810600824781899e-08
1.826484091279252917e-08
1.819112601020009089e-08
1.810653456106869334e-08
1.801088650840537941e-08
1.790432287685305926e-08
1.778716911286779204e-08
1.765971650514967372e-08
1.752199659484141904e-08
1.737376407833963030e-08
1.721469857560539703e-08
1.704459271811824878e-08
1.686365068651824723e-08
1.667220704534815725e-08
1.647069298503619068e-08
1.625943196651374252e-08
1.603866000480715322e-08
1.580847322088061977e-08
1.556883311691208818e-08
1.532007213431968625e-08
1.506279090175316477e-08
1.479775998539170003e-08
1.452544388700728412e-08
1.424609742408511576e-08
1.395996070324340792e-08
1.366761113293190196e-08
1.336986342525366139e-08
1.306744507092678200e-08
1.276091806400544702e-08
1.245071501257708461e-08
1.213743174932543015e-08
1.182176384270454980e-08
1.150461728046419577e-08
1.118660109768530355e-08
1.086823629743589825e-08
1.055009359280471673e-08
1.023300603590515916e-08
9.917622793222150289e-09
9.604533737299058674e-09
9.294209242307587645e-09
8.987258946383019098e-09
8.684293166466947678e-09
8.385776691575285971e-09
8.092098741589611156e-09
7.803656937887134973e-09
7.520910091377518373e-09
7.244123608653219015e-09
6.973531406257948526e-09
6.709376454156151567e-09
6.451857993526433938e-09
6.201063100253792085e-09
5.957062796287667349e-09
5.719912615418631265e-09
5.489600465902405709e-09
5.266068574005985903e-09
5.049259245658121689e-09
4.839075472423980909e-09
4.635386841694059320e-09
4.438078655802073145e-09
4.247004825975962491e-09
4.062019071899041450e-09
3.882989889965932747e-09
3.709781078044229708e-09
3.542271389307340668e-09
3.380351608005031185e-09
3.223930067814503367e-09
3.072929132578758419e-09
2.927285304559256046e-09
2.786949193217927474e-09
2.651881732199475111e-09
2.522048565906596682e-09
2.397418908014118106e-09
2.277959986001523915e-09
2.163629533154762299e-09
2.054374210275185358e-09
1.950125065369165335e-09
1.850790825117005142e-09
1.756261053606743648e-09
1.666403885841247018e-09
1.581065559429352365e-09
1.500075947900802347e-09
1.423249680483448442e-09
1.350391226982756793e-09
1.281301516965119062e-09
1.215781755368968022e-09
1.153639252670085176e-09
1.094691976603278562e-09
1.038770466373236889e-09
9.857211874998421636e-10
9.354041701042901681e-10
8.876930296977081029e-10
8.424707636394562062e-10
7.996279363006719906e-10
7.590594019609087538e-10
7.206627378433282565e-10
6.843366173993424733e-10
6.499802272000720578e-10
6.174923779006488564e-10
5.867718511766959593e-10
5.577185994474942035e-10
5.302355110615248887e-10
5.042302433072811490e-10
4.796159633031591836e-10
4.563114440392618488e-10
4.342404713377931214e-10
4.133319681436209992e-10
3.935199386066475969e-10
3.747426343091263373e-10
3.569408152915285067e-10
3.400565400236886490e-10
3.240337415843777436e-10
3.088194932531142279e-10
2.943640014199862037e-10
2.806208724006801320e-10
2.675477932685367754e-10
2.551052431745174142e-10
2.432552375019391464e-10
2.319621341745391906e-10
2.211933309160132807e-10
2.109183235357504863e-10
2.011083329564188308e-10
1.917368640198990712e-10
1.827794036621557916e-10
1.742133625639012769e-10
1.660177281972510327e-10
1.581730472993203351e-10
1.506614171208465739e-10
1.434662496941400069e-10
1.365722951114386122e-10
1.299654806601737190e-10
1.236327520907833333e-10
1.175620895303877853e-10
1.117424109983461647e-10
1.061633868257268440e-10
1.008154310706413920e-10
9.568970767244965482e-11
9.077791065277365579e-11
8.607223037699795671e-11
8.156543611820489588e-11
7.725067957138215789e-11
7.312139721048742940e-11
6.917144496836308727e-11
6.539498282976747780e-11
6.178628610547471975e-11
5.833991083547033429e-11
5.505067865461446812e-11
5.191341346981942458e-11
4.892311181042434714e-11
4.607500062932104554e-11
4.336427422607454698e-11
4.078620267252407551e-11
3.833627363865714961e-11
3.600992908951940324e-11
3.380265162526384203e-11
3.171009842258590636e-11
2.972793535414963150e-11
2.785181716964157806e-11
2.607758174119368358e-11
2.440108862819886757e-11
2.281820755138671596e-11
2.132495638903778124e-11
1.991742661021305840e-11
1.859173171815653867e-11
1.734410252252730575e-11
1.617091196062581566e-11
1.506853196893520802e-11
1.403347918739739530e-11
1.306240094757478672e-11
1.215199591354024544e-11
1.129907549449996643e-11
1.050060976392256354e-11
9.753621739983596044e-12
9.055263715584943894e-12
8.402823986656875375e-12
7.793664456858812283e-12
7.225279807666982377e-12
6.695278527161898811e-12
6.201360078934232739e-12
5.741351105573739055e-12
5.313167941731547526e-12
4.914836749012631732e-12
4.544484978227426593e-12
4.200328552680490596e-12
3.880690601768759375e-12
3.583971050195374896e-12
3.308670436358062752e-12
3.053367220845249455e-12
2.816720847849948595e-12
2.597476567950167030e-12
2.394443047182531338e-12
2.206511814008222374e-12
2.032635253357256500e-12
1.871830389819505651e-12
1.723178797343634720e-12
1.585818937085716197e-12
1.458943035574163165e-12
1.341797369405471461e-12
1.233677923345142450e-12
1.133927620492184779e-12
1.041932983582744333e-12
9.571224589113904810e-13
8.789631240198660075e-13
8.069598915067693471e-13
7.406499718394072659e-13
6.796037241555345052e-13
6.234218290914786843e-13
5.717337562413107421e-13
5.241954621073239072e-13
4.804878680531907936e-13
4.403148492122009310e-13
4.034029304410804733e-13
3.694973177181681264e-13
3.383621739450210236e-13
3.097794669013615090e-13
2.835477996420010178e-13
2.594808656737904446e-13
2.374069767992937453e-13
2.171672127152413205e-13
1.986138932189178359e-13
1.816113068211791610e-13
1.660342152485366034e-13
1.517675799105178036e-13
1.387050181767997055e-13
1.267475846905006747e-13
1.158046325362636755e-13
1.057928565293033393e-13
9.663587031892224336e-14
8.826178331729266252e-14
8.060519960449878187e-14
7.360659327896725744e-14
6.721021346121186170e-14
6.136465420673132305e-14
5.602355651326787462e-14
5.114396084825597560e-14
4.668588374851932598e-14
4.261397111343593801e-14
3.889486972626891918e-14
3.549814975644402845e-14
3.239712223115919180e-14
2.956561470790957181e-14
2.698147895687062445e-14
2.462306581095440686e-14
2.247159749836351496e-14
2.050905012922092236e-14
1.871955606028110185e-14
1.708772975155739418e-14
1.560037861358943145e-14
1.424424824249687079e-14
1.300826071926811256e-14
1.188155637420570108e-14
1.085440319040996948e-14
9.918443621745403306e-15
9.065393571208645861e-15
8.287961748594315697e-15
7.579547413832289773e-15
6.934313065153855392e-15
6.346523288811723663e-15
5.811148333741620991e-15
5.323606574281116151e-15
4.879715448440427878e-15
4.475656390442228813e-15
4.107942942671150584e-15
3.773391741442422747e-15
3.469096031920433193e-15
3.192401566380797359e-15
2.940884664593098566e-15
2.712463844123255257e-15
2.505009643803636939e-15
2.316660772306595286e-15
2.145862634216458427e-15
1.991008897106010703e-15
1.850730180703859532e-15
1.723754870010547629e-15
1.608956685400790666e-15
1.505211967077052323e-15
1.411608627435777972e-15
1.327281732935652998e-15
1.251386422707295942e-15
1.183195034566963369e-15
1.122037103714321709e-15
1.067294392552494583e-15
1.018416001713693841e-15
9.748974891760523204e-16
9.362195133639927523e-16
9.019842534727573384e-16
8.717577088630547210e-16
8.452070161162926390e-16
8.219543420141378882e-16
8.016901619254603628e-16
7.841208606790842565e-16
7.689695268204475430e-16
7.559760301094599080e-16
7.449127906730730847e-16
7.355523127993279149e-16
7.276959901966550402e-16
7.211521737631374891e-16
7.157543540365674794e-16
7.113469350837986940e-16
7.077875205373869999e-16
7.049501629083461730e-16
7.027214947657292505e-16
7.010001449232196013e-16
6.996954729109620553e-16
6.987288196998144952e-16
