# bin_2_1
1.236182362997268284e-08
1.240521279330281910e-08
1.245008819773977262e-08
1.249649157909685912e-08
1.254446277117390707e-08
1.259404102259388916e-08
1.264526583850029486e-08
1.269817704993059621e-08
1.275281769586931469e-08
1.280923412950618850e-08
1.286747235806550516e-08
1.292757799949499085e-08
1.298959240197459257e-08
1.305355337323822949e-08
1.311949849262828381e-08
1.318746809844438881e-08
1.325751165575109497e-08
1.332967991518939165e-08
1.340402111865401359e-08
1.348057373176490831e-08
1.355937165563504322e-08
1.364045135163555858e-08
1.372386201397293345e-08
1.380965603925290019e-08
1.389787623512395991e-08
1.398855132360451493e-08
1.408171001740234832e-08
1.417739425672143401e-08
1.427564509928041171e-08
1.437648232420282070e-08
1.447990865427313675e-08
1.458593891712370021e-08
1.469460184536498099e-08
1.480590622767353112e-08
1.491982424547492334e-08
1.503633590306283075e-08
1.515545190976234506e-08
1.527716640845111094e-08
1.540142859754457825e-08
1.552820571158525297e-08
1.565751919591062014e-08
1.578936427513827138e-08
1.592370789088645030e-08
1.606057953904921544e-08
1.620003200274534934e-08
1.634205352212119901e-08
1.648665311944250071e-08
1.663387057833647761e-08
1.678366899426247706e-08
1.693600141469765684e-08
1.709085898226687096e-08
1.724812183946404499e-08
1.740764436186849436e-08
1.756935285194599286e-08
1.773303452449497865e-08
1.789850258647704349e-08
1.806564489472714255e-08
1.823418233726739817e-08
1.840391483151527680e-08
1.857461406652197597e-08
1.874592112706338185e-08
1.891758430335075569e-08
1.908925687734431107e-08
1.926074184198551403e-08
1.943187083842008776e-08
1.960249431293289229e-08
1.977267035191143679e-08
1.994226610924576956e-08
2.011126895430815789e-08
2.027957174845284660e-08
2.044695884318140662e-08
2.061322559494626375e-08
2.077794672587127842e-08
2.094069467185474191e-08
2.110081459750667773e-08
2.125768789810458075e-08
2.141061554109771150e-08
2.155918896819399096e-08
2.170297015356783390e-08
2.184177729618029975e-08
2.197544356978001084e-08
2.210388461809000345e-08
2.222699433560705913e-08
2.234441040688817770e-08
2.245579154926038963e-08
2.256058641461739630e-08
2.265826411793315320e-08
2.274834381572094145e-08
2.283023570976852391e-08
2.290338153642647739e-08
2.296712528147758812e-08
2.302095265012541756e-08
2.306458707151885544e-08
2.309798350349172041e-08
2.312119221442448878e-08
2.313410510072757084e-08
2.313634794521453227e-08
2.312718163613333784e-08
2.310582194077654961e-08
2.307167452127342127e-08
2.302439012694294198e-08
2.296394055046803180e-08
2.289048253456597043e-08
2.280413565835006533e-08
2.270475599035626400e-08
2.259191956774942460e-08
2.246512686199594983e-08
2.232399208174216947e-08
2.216854974924614673e-08
2.199896844079582370e-08
2.181551847613764785e-08
2.161836550288140207e-08
2.140759179660161888e-08
2.118314701270535428e-08
2.094485117924018745e-08
2.069291188880800026e-08
2.042781735532265564e-08
2.015024128786952959e-08
1.986055985692978610e-08
1.955895270446456156e-08
1.924559961504738199e-08
1.892104100905047523e-08
1.858607666240429847e-08
1.824143771465442760e-08
1.788770837687193490e-08
1.752536349234346884e-08
1.715506862567224096e-08
1.677761229392732326e-08
1.639402424965796384e-08
1.600505490943393799e-08
1.561139239300518139e-08
1.521379960603034726e-08
1.481333306952822001e-08
1.441088401618081105e-08
1.400730960709987687e-08
1.360336524562322781e-08
1.319996975593326747e-08
1.279806056462130089e-08
1.239844209852347257e-08
1.200185514526730914e-08
1.160905884314897715e-08
1.122088178735730739e-08
1.083795669093079534e-08
1.046088412167290756e-08
1.009026777826842413e-08
9.726656763650661167e-09
9.370470813760146235e-09
9.022094195289029302e-09
8.681871394611728902e-09
8.350050828139397320e-09
8.026804025566215545e-09
7.712269346658505154e-09
7.406509638802492226e-09
7.109517027762641751e-09
6.821262933937049774e-09
6.541649514591096145e-09
6.270543722116122567e-09
6.007795410640729036e-09
5.753220721212914799e-09
5.506626924106318916e-09
5.267814667508232297e-09
5.036589867413098013e-09
4.812766292208220615e-09
4.596172495029348275e-09
4.386658382969264534e-09
4.184096982977387237e-09
3.988383877300291085e-09
3.799440702992361930e-09
3.617212616958189140e-09
3.441661770771140480e-09
3.272765567003460450e-09
3.110509389653839200e-09
2.954874997701930642e-09
2.805838597990930358e-09
2.663361333450738322e-09
2.527380849426437797e-09
2.397808967384967111e-09
2.274524680700946939e-09
2.157372513110873028e-09
2.046164133043603503e-09
1.940679395001186855e-09
1.840672404793273994e-09
1.745879452652547578e-09
1.656026472738673320e-09
1.570840450036487831e-09
1.490055390367629939e-09
1.413421201517453565e-09
1.340706885849851043e-09
1.271704951360290441e-09
1.206231527921384944e-09
1.144125466182689419e-09
1.085244391103122875e-09
1.029459948314977738e-09
9.766506112861737886e-10
9.266952450073877869e-10
8.794684578321431752e-10
8.348389557416035893e-10
7.926704780544618745e-10
7.528236794439544543e-10
7.151593296779451415e-10
6.795420167521701562e-10
6.458451149110042086e-10
6.139544395455715422e-10
5.837688003893272082e-10
5.551964832902708844e-10
5.281504379798657912e-10
5.025460573699499932e-10
4.783010737220753582e-10
4.553343589287077413e-10
4.335669266799815781e-10
4.129256041830841870e-10
3.933421525960720981e-10
3.747508212372092406e-10
3.570905498779357735e-10
3.403067583034549186e-10
3.243478549037262894e-10
3.091634640157019864e-10
2.947066344745739560e-10
2.809331817078115488e-10
2.678029099547659206e-10
2.552783265885247880e-10
2.433239917979506117e-10
2.319076778589762982e-10
2.209992794587383573e-10
2.105707533003433525e-10
2.005962703401074478e-10
1.910519779091194432e-10
1.819158666001558610e-10
1.731676355533080844e-10
1.647885078198573544e-10
1.567611279115145400e-10
1.490695602002695124e-10
1.416990179339672584e-10
1.346357742478743025e-10
1.278672145170607792e-10
1.213815920339639971e-10
1.151678884563798266e-10
1.092159166108161752e-10
1.035161642014639391e-10
9.805956765422909924e-11
9.283764736284664485e-11
8.784245937812868075e-11
8.306629765350196347e-11
7.850183964250575098e-11
7.414217863805970386e-11
6.998053039184526206e-11
6.601032162097120462e-11
6.222531342153621945e-11
5.861931352351010936e-11
5.518624757641888138e-11
5.192028114099601871e-11
4.881563658774881601e-11
4.586656125930698663e-11
4.306751637744333459e-11
4.041300380218829473e-11
3.789754731898075358e-11
3.551582915077402300e-11
3.326260954188793577e-11
3.113267107554346238e-11
2.912091508935052164e-11
2.722238615866699175e-11
2.543212584605303402e-11
2.374532301619100729e-11
2.215730097833629837e-11
2.066343817914466399e-11
1.925923368402319411e-11
1.794035677945000699e-11
1.670254117615440032e-11
1.554166647146140731e-11
1.445376755318119721e-11
1.343497342775734519e-11
1.248157060036469985e-11
1.158998596451608802e-11
1.075676568298975040e-11
9.978614420604449222e-12
9.252358465827225253e-12
8.574968031071974453e-12
7.943549610844148186e-12
7.355333762274373637e-12
6.807695227847135708e-12
6.298121949367321681e-12
5.824240162158587183e-12
5.383791058892199081e-12
4.974633818940126092e-12
4.594750698317709702e-12
4.242222969932537454e-12
3.915250863923727272e-12
3.612129786383661760e-12
3.331253442527358126e-12
3.071112914490354369e-12
2.830287875090621145e-12
2.607442369200306138e-12
2.401324369149573077e-12
2.210760200153004459e-12
2.034650677244035590e-12
1.871966435999592630e-12
1.721745121040723447e-12
1.583086763043906414e-12
1.455151936647436718e-12
1.337155024787490399e-12
1.228364122204005116e-12
1.128097134170130093e-12
1.035719308710103559e-12
9.506398599173488607e-13
8.723094988130001226e-13
8.002173504707977238e-13
7.338897616057245387e-13
6.728853706350063074e-13
6.167946677942590507e-13
5.652380115292514348e-13
5.178638841813496650e-13
4.743466046480232316e-13
4.343851100953347005e-13
3.977003844397030343e-13
3.640332884567281272e-13
3.331447158496867488e-13
3.048136073921232213e-13
2.788362915453768476e-13
2.550244201777767290e-13
2.332031729999287465e-13
2.132116760597579260e-13
1.949016796575999935e-13
1.781367711497561357e-13
1.627895720289584980e-13
1.487434789733768318e-13
1.358916955421344396e-13
1.241347914290515753e-13
1.133810312505628626e-13
1.035468370092525491e-13
9.455493815604933967e-14
8.633380091560365947e-14
7.881906533106984834e-14
7.195064117375739674e-14
6.567356995032810495e-14
5.993871983180810063e-14
5.469927717574736817e-14
4.991428687100523455e-14
4.554486599453357455e-14
4.155649143351481460e-14
3.791668639629227908e-14
3.459633544031696673e-14
3.156777209127918550e-14
2.880644405264287377e-14
2.628848748995354890e-14
2.399301643885933255e-14
2.190007792250209507e-14
1.999163896846794235e-14
1.825185241501694761e-14
1.666562233178734502e-14
1.521949314582245627e-14
1.390125140132709732e-14
1.269993775801784246e-14
1.160509262712680659e-14
1.060737681497096813e-14
9.698275275721969791e-15
8.870017485193026547e-15
8.115512687587047564e-15
7.428291006223291804e-15
6.802448988178046962e-15
6.232599387182545074e-15
5.713825727300624458e-15
5.241641154715791068e-15
4.812098002287174205e-15
4.421339285889528535e-15
4.065936983399476666e-15
3.742926983249559472e-15
3.449393677308135180e-15
3.182787126788788172e-15
2.940756175166571907e-15
2.721196698353019678e-15
2.522077780733447132e-15
2.341679477067213469e-15
2.178396523854619219e-15
2.030698874391727745e-15
1.897242683401555553e-15
1.776795262463018264e-15
1.668225230102061210e-15
1.570518141212680043e-15
1.482748133360882550e-15
1.403996352234320918e-15
1.333522732467971383e-15
1.270561469524655703e-15
1.214498495849999192e-15
1.164675749714561134e-15
1.120540599454460038e-15
1.081574822904256958e-15
1.047293296210696487e-15
1.017242593968904627e-15
9.910239136173545812e-16
9.682428120989616717e-16
9.485526080318383125e-16
9.316188137496360951e-16
9.171479119556843037e-16
9.048644010368076498e-16
8.945127337933105496e-16
8.858641332952330351e-16
8.787088858893832195e-16
8.728559100269055748e-16
8.681286675368292641e-16
8.643690533898175043e-16
