# bin_4_3
1.744788367128149296e-08
1.752002932982287711e-08
1.759473143990489026e-08
1.767207071256182821e-08
1.775213330654775680e-08
1.783500788052824590e-08
1.792078185159567730e-08
1.800954171732997146e-08
1.810137118032896042e-08
1.819635211553586243e-08
1.829457212744202482e-08
1.839612471598085792e-08
1.850111322646892369e-08
1.860964712868382865e-08
1.872183054370963083e-08
1.883776216439383514e-08
1.895753486409999652e-08
1.908125047618482765e-08
1.920902479256122575e-08
1.934099310664240629e-08
1.947728924829357936e-08
1.961803019477542178e-08
1.976331157095856195e-08
1.991324213880565357e-08
2.006796667945784869e-08
2.022765625415739122e-08
2.039245695278345032e-08
2.056246341752752828e-08
2.073777590124189904e-08
2.091855102300709176e-08
2.110497039888553945e-08
2.129715565576455175e-08
2.149516405880105126e-08
2.169909530203075840e-08
2.190910070689438350e-08
2.212527759191371766e-08
2.234764078845439563e-08
2.257624911042260620e-08
2.281122546265140468e-08
2.305260811549359299e-08
2.330037064117513435e-08
2.355460241626743035e-08
2.381544055752326969e-08
2.408288140099037001e-08
2.435696766988673361e-08
2.463789020982527123e-08
2.492568822194074823e-08
2.522031862361123779e-08
2.552192577116573257e-08
2.583050869668650509e-08
2.614590307662678281e-08
2.646815618837878340e-08
2.679716735695346676e-08
2.713271709552361251e-08
2.747488950197588868e-08
2.782361836262570252e-08
2.817885142307619439e-08
2.854079067595424181e-08
2.890936741252433733e-08
2.928473062198784108e-08
2.966697633259888117e-08
3.005597804944556240e-08
3.045194542382798916e-08
3.085477790838353608e-08
3.126453610083391889e-08
3.168130800545681439e-08
3.210491511593799000e-08
3.253531215360142452e-08
3.297206935286137042e-08
3.341491875969653028e-08
3.386333887143342414e-08
3.431685751528865493e-08
3.477489514136769619e-08
3.523663764722322841e-08
3.570149602000760889e-08
3.616857407045872280e-08
3.663748960527865937e-08
3.710769195582311401e-08
3.757919874579237859e-08
3.805186833170229080e-08
3.852586330446128426e-08
3.900124201542608861e-08
3.947801367660094373e-08
3.995582116961131642e-08
4.043422447388484635e-08
4.091231653761760601e-08
4.138906768681426886e-08
4.186315871507140779e-08
4.233329351478358884e-08
4.279848746677302701e-08
4.325788217639842100e-08
4.371093532795882482e-08
4.415700562806971705e-08
4.459543294516521022e-08
4.502550846482630783e-08
4.544638570873399591e-08
4.585741242238163866e-08
4.625796139509894888e-08
4.664770971121393899e-08
4.702603166423094234e-08
4.739213360092922959e-08
4.774437552947112123e-08
4.808081978741154623e-08
4.839950956570323144e-08
4.869918538591649673e-08
4.897932143583859721e-08
4.923996972694946640e-08
4.948089479335777712e-08
4.970168449734760663e-08
4.990135835345458636e-08
5.007863768642431174e-08
5.023170480890591082e-08
5.035881794773627652e-08
5.045868170184990160e-08
5.053082385905336797e-08
5.057511570879930919e-08
5.059137151264021029e-08
5.057910136690343336e-08
5.053743162344187812e-08
5.046534297394282709e-08
5.036159799115709728e-08
5.022524830467491330e-08
5.005567029422843742e-08
4.985304998290795296e-08
4.961766852559209784e-08
4.934963724596565109e-08
4.904831323530634903e-08
4.871285038355521876e-08
4.834281190456357804e-08
4.793850403195195290e-08
4.750073329181942759e-08
4.703014887532873050e-08
4.652702256387625593e-08
4.599131530893068620e-08
4.542331681886498966e-08
4.482376692611807402e-08
4.419406296563927679e-08
4.353535501989117553e-08
4.284859378650447051e-08
4.213447085241923264e-08
4.139419498751397260e-08
4.062946519289452725e-08
3.984213078116650931e-08
3.903370608418029448e-08
3.820556006294604595e-08
3.735945340435151215e-08
3.649757493820796099e-08
3.562207241536445921e-08
3.473472626708394575e-08
3.383755642723484146e-08
3.293268102890769466e-08
3.202253255885760617e-08
3.110912266324105500e-08
3.019455566658598526e-08
2.928096213840075361e-08
2.837058447943390898e-08
2.746550431840527657e-08
2.656751431887156891e-08
2.567864161865900036e-08
2.480073653589311237e-08
2.393542411908113448e-08
2.308420459919387856e-08
2.224855775646452903e-08
2.142971614684756373e-08
2.062871515577566619e-08
1.984648299960498117e-08
1.908375924421560626e-08
1.834103258864485735e-08
1.761867154999927621e-08
1.691685395095665834e-08
1.623559266813466830e-08
1.557475971194516633e-08
1.493408255429911466e-08
1.431317144352212503e-08
1.371154084798816177e-08
1.312864795842769567e-08
1.256390804886600868e-08
1.201671761404360144e-08
1.148648889285675254e-08
1.097267264569108294e-08
1.047477184528107893e-08
9.992361328781647274e-09
9.525104665834171236e-09
9.072763837473616444e-09
8.635206309312475915e-09
8.212402299957029830e-09
7.804404494374794477e-09
7.411332517042610049e-09
7.033357314353701795e-09
6.670673015124738394e-09
6.323459563868778012e-09
5.991836074674014997e-09
5.675833209595189660e-09
5.375373277223648045e-09
5.090241748636157563e-09
4.820068839743995961e-09
4.564339112278509471e-09
4.322407315946735818e-09
4.093532910134555779e-09
3.876909226583075799e-09
3.671708162297947450e-09
3.477127903097743954e-09
3.292438350827176215e-09
3.117012617436714376e-09
2.950340679341404274e-09
2.792029767638037391e-09
2.641786257264975820e-09
2.499385410417236533e-09
2.364628469567487462e-09
2.237304618205239365e-09
2.117168585794578368e-09
2.003915411190994776e-09
1.897167660440419386e-09
1.796507057486855072e-09
1.701523956693085140e-09
1.611833525588705365e-09
1.527083191643965227e-09
1.446981940781485769e-09
1.371282958117524486e-09
1.299785596781319426e-09
1.232298734699512192e-09
1.168599333220190954e-09
1.108472825440918978e-09
1.051703141090523410e-09
9.980684588632997893e-10
9.473656568564608745e-10
8.994249478957347312e-10
8.540905248136384377e-10
8.112012528090640386e-10
7.706226268076787190e-10
7.322093062019100805e-10
6.958218246875350514e-10
6.613428143481597996e-10
6.286512036376161468e-10
5.976414770717530164e-10
5.682142951100949989e-10
5.402699804375152135e-10
5.137225474774849561e-10
4.884863624840584864e-10
4.644840926908536399e-10
4.416456633475857963e-10
4.199019122655203600e-10
3.991916716478558514e-10
3.794557072160249742e-10
3.606412705331602762e-10
3.426981190370810816e-10
3.255799016517077805e-10
3.092436371592658292e-10
2.936498325342249521e-10
2.787613532152853103e-10
2.645439365104639569e-10
2.509659066078790724e-10
2.379976407843756056e-10
2.256114765771737340e-10
2.137818831594584941e-10
2.024848618653151281e-10
1.916978032670931037e-10
1.813997264011404095e-10
1.715708341083280240e-10
1.621922773979650199e-10
1.532463748562855066e-10
1.447164122095445097e-10
1.365862898262781975e-10
1.288407124377637696e-10
1.214651640361782386e-10
1.144455386562557064e-10
1.077682813872678580e-10
1.014204348590903476e-10
9.538938504239336189e-11
8.966283896174872034e-11
8.422901380433992804e-11
7.907641080248052963e-11
7.419373123956693074e-11
6.957012121473022950e-11
6.519498911551560542e-11
6.105787752907325274e-11
5.714872784945654733e-11
5.345773623099744376e-11
4.997524507154228237e-11
4.669191536552239778e-11
4.359869975974751316e-11
4.068670833839952727e-11
3.794734745744883977e-11
3.537231391705224855e-11
3.295348520655540194e-11
3.068304817138504337e-11
2.855344245398828622e-11
2.655733263296783400e-11
2.468768600094636198e-11
2.293768585126815250e-11
2.130080762837923014e-11
1.977076054043719554e-11
1.834152110160476332e-11
1.700731734127468762e-11
1.576262311426532532e-11
1.460216748740632455e-11
1.352091669820386436e-11
1.251407222603506455e-11
1.157706987669853904e-11
1.070557001169113934e-11
9.895450726442334217e-12
9.142810531167749246e-12
8.443949256199249114e-12
7.795368667321800347e-12
7.193768872262635704e-12
6.636031710616698493e-12
6.119215622301786269e-12
5.640551833369946254e-12
5.197436054420099639e-12
4.787419062156813422e-12
4.408203590282111109e-12
4.057630938062367791e-12
3.733680826453803825e-12
3.434460361600327686e-12
3.158198473487708601e-12
2.903237932286056515e-12
2.668030530742433813e-12
2.451131186135140030e-12
2.251193501710301560e-12
2.066963603148635908e-12
1.897269408481882243e-12
1.741020438894783262e-12
1.597202393534205894e-12
1.464872059081829172e-12
1.343153462224967461e-12
1.231233732508730723e-12
1.128358377024294855e-12
1.033824368433762984e-12
9.469813250425063270e-13
8.672264094233190594e-13
7.940021088228373070e-13
7.267948000577092976e-13
6.651252735350403281e-13
6.085518444277606343e-13
5.566672057495099807e-13
5.090964479707926635e-13
4.654929785253058091e-13
4.255368935113337520e-13
3.889342510912141695e-13
3.554152848543333110e-13
3.247293751442471049e-13
2.966466118342964799e-13
2.709555452183107065e-13
2.474591848571680638e-13
2.259738840568337834e-13
2.063317144022806129e-13
1.883761032231565344e-13
1.719625574772913865e-13
1.569615115462820435e-13
1.432511332814038881e-13
1.307235188612564073e-13
1.192802665643462577e-13
1.088315787660696993e-13
9.929551763175997190e-14
9.059531207892787977e-14
8.265962943836019345e-14
7.542036389323353887e-14
6.881535278685653698e-14
6.278921480127711460e-14
5.729114596924920167e-14
5.227730561564299644e-14
4.770623981126836168e-14
4.353922014536821885e-14
3.974060064641791555e-14
3.627759675079803363e-14
3.312070673700734329e-14
3.024319409631645653e-14
2.762054912022021100e-14
2.523051115367750667e-14
2.305254838718909349e-14
2.106796501569238002e-14
1.925978549815327874e-14
1.761252502740340907e-14
1.611205780911192618e-14
1.474552275284885770e-14
1.350133423244784057e-14
1.236860736996579353e-14
1.133754835250072861e-14
1.039922005735821387e-14
9.545801759546989823e-15
8.769610247487074989e-15
8.063929976087388818e-15
7.422734795004929340e-15
6.840252521619806168e-15
6.311383823037958289e-15
5.831573035516213676e-15
5.396367249021374922e-15
5.001900542451611061e-15
4.644625902900157039e-15
4.321288842078484272e-15
4.028904484933575972e-15
3.764737278121420259e-15
3.526281905160719201e-15
3.311245448832309891e-15
3.117667216666575693e-15
2.943551278636598329e-15
2.787265411492025944e-15
2.647175855444677846e-15
2.521913504908532911e-15
2.410216921747399192e-15
