# bin_3_2
1.545706626174778398e-08
1.551771161910340978e-08
1.558049204824935502e-08
1.564546973707217171e-08
1.571270841635277788e-08
1.578227405488360897e-08
1.585423453262030870e-08
1.592866157489722360e-08
1.600562929653562248e-08
1.608521164455061708e-08
1.616748197385917679e-08
1.625251059890541458e-08
1.634036802092530798e-08
1.643112820977570438e-08
1.652486899075965670e-08
1.662167458000527150e-08
1.672163086545105364e-08
1.682482205601364322e-08
1.693132823622224227e-08
1.704123348932091649e-08
1.715462679412478152e-08
1.727160441712832343e-08
1.739225971231179220e-08
1.751668083659347250e-08
1.764495256996860728e-08
1.777716865790807095e-08
1.791342963485210462e-08
1.805382524909213498e-08
1.819842869412283666e-08
1.834731262749036083e-08
1.850056453144959533e-08
1.865827309326611793e-08
1.882049347476371139e-08
1.898726314874407866e-08
1.915863089179645894e-08
1.933464905126720650e-08
1.951533374559960699e-08
1.970067314085818819e-08
1.989067810081449914e-08
2.008537363341291942e-08
2.028474456998381981e-08
2.048877162420222841e-08
2.069750381917581521e-08
2.091096000101102805e-08
2.112912182629683194e-08
2.135206155568802524e-08
2.157983489057839362e-08
2.181239793226247562e-08
2.204979833707931640e-08
2.229210378063445980e-08
2.253924242524298013e-08
2.279121965987428007e-08
2.304807009247658040e-08
2.330970754388056435e-08
2.357618234947377404e-08
2.384755101908485536e-08
2.412378795811347306e-08
2.440499870141813208e-08
2.469112358775744791e-08
2.498208039320049343e-08
2.527782193431726613e-08
2.557805118224757471e-08
2.588261383655336293e-08
2.619116950405425587e-08
2.650335629229883459e-08
2.681890119200825249e-08
2.713724344150956913e-08
2.745804100875180243e-08
2.778068871730058254e-08
2.810477646141159008e-08
2.843001967128663374e-08
2.875604676726441782e-08
2.908289024315263398e-08
2.941041922503110202e-08
2.973876574456414596e-08
3.006775726818356848e-08
3.039740995111949132e-08
3.072740427376790178e-08
3.105743249660960372e-08
3.138682592532688483e-08
3.171473689797556506e-08
3.204025115949273549e-08
3.236237606580495367e-08
3.268033588527759959e-08
3.299341868930216826e-08
3.330118107494776117e-08
3.360321699260129911e-08
3.389920609932960571e-08
3.418872265816050836e-08
3.447135636237265166e-08
3.474651869302648742e-08
3.501368388208131766e-08
3.527222695352106154e-08
3.552169425470206653e-08
3.576127485440015501e-08
3.598996878313309577e-08
3.620649239294246015e-08
3.640949346726195371e-08
3.659808923875109215e-08
3.677196112570140739e-08
3.693109475017384149e-08
3.707548515388237991e-08
3.720462436814863694e-08
3.731776090455083201e-08
3.741373524825261655e-08
3.749128342068339547e-08
3.754928730452752497e-08
3.758693725789158265e-08
3.760394946284820109e-08
3.760031052839262437e-08
3.757599799472633098e-08
3.753053178524233026e-08
3.746318394385626913e-08
3.737307433020681823e-08
3.725943547438164849e-08
3.712169892287086709e-08
3.695980476202879550e-08
3.677389681811253148e-08
3.656415521005568288e-08
3.633047650811478385e-08
3.607245663673489610e-08
3.578957882185001188e-08
3.548169119053647859e-08
3.514929107169128980e-08
3.479302496040616350e-08
3.441335033268143882e-08
3.401033352718275328e-08
3.358409145195360377e-08
3.313493843527237641e-08
3.266381447660881057e-08
3.217170598313076718e-08
3.165943052725323781e-08
3.112760555358224961e-08
3.057694225027640279e-08
3.000854054676993170e-08
2.942374303019112962e-08
2.882392293800343430e-08
2.821006444556333805e-08
2.758331216705892821e-08
2.694515324337526015e-08
2.629727163560977900e-08
2.564102817632845346e-08
2.497789198945176541e-08
2.430930018047411964e-08
2.363701553752437530e-08
2.296264890273139088e-08
2.228770143963864540e-08
2.161367985531535561e-08
2.094219494493789118e-08
2.027483827867344182e-08
1.961292191424749610e-08
1.895784344786244352e-08
1.831098354247398475e-08
1.767354476229933159e-08
1.704660916438076725e-08
1.643121617336430728e-08
1.582829383975311460e-08
1.523857361709392367e-08
1.466270344238090649e-08
1.410122854238982015e-08
1.355449790319765033e-08
1.302275969459199875e-08
1.250615713209756583e-08
1.200467867995913672e-08
1.151821908084674839e-08
1.104658419707041849e-08
1.058948148535656325e-08
1.014655444187971935e-08
9.717395958970603259e-09
9.301573867733197392e-09
8.898649043427630428e-09
8.508190361442438496e-09
8.129793629218591162e-09
7.763096266301787495e-09
7.407791762166402257e-09
7.063649442841615721e-09
6.730512300885695435e-09
6.408296355408530736e-09
6.096991978276975531e-09
5.796653081220041261e-09
5.507373516267154487e-09
5.229275892007274992e-09
4.962486531379367454e-09
4.707111719104972485e-09
4.463215955278592872e-09
4.230794714548228320e-09
4.009758031545166073e-09
3.799916405941949293e-09
3.600975895464397106e-09
3.412546553599715805e-09
3.234152594693793995e-09
3.065252164085086094e-09
2.905269732461611825e-09
2.753624609808498083e-09
2.609762438858590848e-09
2.473175685406696628e-09
2.343427496203671196e-09
2.220159260681511548e-09
2.103087664012590639e-09
1.991987161026561775e-09
1.886669657956737530e-09
1.786960478607488658e-09
1.692679588982343499e-09
1.603627589028578517e-09
1.519575647575943594e-09
1.440263912228325302e-09
1.365412077950262887e-09
1.294737864297665881e-09
1.227969255357050382e-09
1.164856245516142887e-09
1.105184428267648039e-09
1.048769092851428850e-09
9.954381241099286898e-10
9.450307953848825047e-10
8.974007625233413391e-10
8.524003472619730095e-10
8.098713766533340117e-10
7.696602277493924087e-10
7.316165113005607397e-10
6.956089677281536199e-10
6.615186618452897446e-10
6.292250649643502176e-10
5.986249185570860368e-10
5.696202618667339162e-10
5.421111738027839297e-10
5.160030466447489681e-10
4.912112504492599761e-10
4.676560033983233603e-10
4.452599262602144690e-10
4.239565508977762783e-10
4.036794530896334557e-10
3.843667523909198437e-10
3.659627419449215990e-10
3.484141277591203466e-10
3.316725296724022045e-10
3.156930069229051205e-10
3.004333884719099331e-10
2.858549962477041609e-10
2.719220698896193089e-10
2.586016072475607538e-10
2.458629312184335683e-10
2.336777858046143197e-10
2.220201440067441895e-10
2.108656605578471090e-10
2.001919262683436682e-10
1.899782605555251968e-10
1.802052046444975556e-10
1.708547072053560590e-10
1.619100747100851226e-10
1.533554826214563387e-10
1.451760551690180088e-10
1.373579702500611281e-10
1.298880174640888450e-10
1.227535826823640631e-10
1.159428275738792967e-10
1.094443664031870873e-10
1.032471561188305488e-10
9.734069902519274809e-11
9.171485559631091413e-11
8.635965315276741157e-11
8.126551169240822490e-11
7.642312045507811617e-11
7.182328866921244651e-11
6.745705795066105480e-11
6.331573647305067392e-11
5.939071335656636751e-11
5.567352730098933772e-11
5.215600185152493469e-11
4.883001735180353127e-11
4.568759239619377908e-11
4.272100622274551659e-11
3.992264412875281825e-11
3.728501065586310955e-11
3.480087491147589964e-11
3.246313453378618586e-11
3.026484187821017000e-11
2.819929496350275609e-11
2.625994649714119251e-11
2.444043370343094809e-11
2.273463391500905475e-11
2.113658400169516437e-11
1.964054965929279111e-11
1.824100650454024175e-11
1.693262328132580524e-11
1.571029436862725455e-11
1.456911320372192152e-11
1.350438382214488600e-11
1.251161509285526700e-11
1.158652035392391540e-11
1.072500403825667311e-11
9.923179140801896633e-12
9.177335640105458639e-12
8.483961748873220397e-12
7.839719928872991700e-12
7.241453087286100072e-12
6.686175989289420873e-12
6.171065955470411521e-12
5.693460242232598756e-12
5.250846829488596005e-12
4.840858722807410066e-12
4.461269771498330709e-12
4.109987899677283581e-12
3.785049002273865928e-12
3.484610332234418864e-12
3.206946219668076190e-12
2.950438859991447814e-12
2.713574139330555626e-12
2.494936348331914143e-12
2.293202961340523059e-12
2.107138755793315255e-12
1.935592139556697207e-12
1.777489832287181934e-12
1.631832489962403337e-12
1.497690918008965299e-12
1.374197691998521614e-12
1.260546498683936576e-12
1.155988414860486800e-12
1.059828292675003430e-12
9.714215244733521042e-13
8.901706686686078459e-13
8.155207905150888755e-13
7.469562227257984971e-13
6.840000254239177732e-13
6.262105595823532721e-13
5.731797394786261602e-13
5.245305129124294873e-13
4.799118839892027393e-13
4.390004405006682505e-13
4.014971936047734603e-13
3.671274642852296102e-13
3.356355553759253363e-13
3.067869637769031331e-13
2.803658610756352037e-13
2.561739188018752895e-13
2.340267381883256424e-13
2.137560252586815186e-13
1.952089246195764795e-13
1.782422624393337937e-13
1.627260547509559700e-13
1.485420063127923568e-13
1.355790181432215485e-13
1.237370024081364707e-13
1.129225049897359827e-13
1.030484870287581211e-13
9.403555170797138132e-14
8.580797430999186793e-14
7.829864726967041123e-14
7.144332362365665508e-14
6.518636215664762797e-14
5.947481550193710669e-14
5.426287247206082898e-14
4.950765978580579257e-14
4.517066461681441736e-14
4.121659104933341261e-14
3.761176490037065530e-14
3.432563618071517861e-14
3.133004695681793243e-14
2.859894977854732432e-14
2.610920109343195725e-14
2.383973420923382810e-14
2.177144717256352787e-14
1.988643178596437818e-14
1.816859653044594787e-14
1.660325312167856149e-14
1.517700655262158270e-14
1.387764179047299636e-14
1.269401582421140050e-14
1.161596155894070972e-14
1.063420239157649147e-14
9.740402660022520189e-15
8.926817329860197931e-15
8.186321096654528334e-15
7.512497710884156205e-15
6.899782848578075607e-15
6.342516152300244511e-15
5.836098095170163470e-15
5.375884423703155361e-15
4.958099846834707323e-15
4.578840413559499749e-15
4.234797116954506856e-15
3.923003532884846386e-15
3.640602974512462158e-15
3.385022592472427591e-15
3.153932381388569059e-15
2.945193262361345314e-15
2.756926455049448425e-15
2.587268317039905397e-15
2.434547351851151820e-15
2.297375448276875644e-15
2.174249143741884727e-15
2.064030622297106179e-15
1.965489120570219502e-15
1.877581872795001330e-15
1.799351823697753553e-15
1.729915693958039287e-15
1.668460582750185848e-15
1.614292188910872846e-15
1.566698918410632428e-15
1.525112530644715295e-15
1.488954049526505694e-15
