# bin_4_4
1.814016408475362202e-08
1.821645892629169572e-08
1.829547476977084186e-08
1.837729565439580866e-08
1.846200419073755062e-08
1.854968397816493242e-08
1.864041992392382025e-08
1.873430057293253020e-08
1.883142343821289977e-08
1.893189144970268782e-08
1.903581037565507035e-08
1.914328432880603980e-08
1.925440987444881922e-08
1.936928196425486568e-08
1.948799800347856734e-08
1.961066843143453705e-08
1.973742121267137987e-08
1.986838975721060020e-08
2.000370025388599813e-08
2.014346637268695631e-08
2.028780047998756319e-08
2.043683287596883914e-08
2.059071995064133111e-08
2.074962605813988861e-08
2.091369400757579611e-08
2.108304707604240867e-08
2.125782110864852904e-08
2.143818677531683766e-08
2.162431665777534701e-08
2.181633960324882200e-08
2.201436112297114848e-08
2.221852704225512538e-08
2.242901909287293210e-08
2.264597515757672389e-08
2.286945099311396228e-08
2.309952638202870342e-08
2.333636229497220036e-08
2.358007684999827837e-08
2.383067081266830191e-08
2.408818880345428076e-08
2.435279812368324296e-08
2.462459008854035279e-08
2.490358162973419643e-08
2.518993284629153277e-08
2.548382536969669720e-08
2.578527069688231082e-08
2.609436420977316430e-08
2.641129624019284081e-08
2.673602631624325844e-08
2.706853271800543957e-08
2.740892757156837385e-08
2.775704070971952414e-08
2.811273856348228319e-08
2.847607500830708747e-08
2.884682815650543552e-08
2.922495985847231131e-08
2.961059273536884386e-08
3.000353820666348600e-08
3.040392826954837223e-08
3.081181779551080781e-08
3.122701862895101202e-08
3.164968383255426605e-08
3.207963185741649079e-08
3.251697915459179381e-08
3.296187216193939168e-08
3.341432416867620354e-08
3.387467338271822074e-08
3.434274167789779749e-08
3.481861531598005783e-08
3.530211079848286107e-08
3.579291350781444028e-08
3.629083136999236863e-08
3.679528338671898721e-08
3.730590715417664934e-08
3.782185979585725229e-08
3.834251471745790866e-08
3.886685238562395746e-08
3.939420311483408681e-08
3.992366628019030003e-08
4.045470467074743670e-08
4.098689802664739406e-08
4.152021370643739169e-08
4.205480064099950585e-08
4.259065265333851746e-08
4.312802127221970423e-08
4.366664876353371994e-08
4.420621849780690341e-08
4.474587873898499100e-08
4.528459276308533214e-08
4.582096523518075839e-08
4.635361083059847068e-08
4.688114225522333577e-08
4.740268603216723772e-08
4.791735308298206577e-08
4.842462469537800225e-08
4.892362877593598853e-08
4.941355880408086572e-08
4.989339071842216519e-08
5.036226436999278201e-08
5.081953690986672357e-08
5.126476565088633234e-08
5.169766985597046285e-08
5.211746294570903425e-08
5.252286773352643662e-08
5.291170182703546376e-08
5.328170354695890114e-08
5.363095886842809833e-08
5.395849247628199783e-08
5.426397624590531230e-08
5.454744797875791175e-08
5.480851004300888598e-08
5.504659735860470964e-08
5.526050509939472916e-08
5.544854174255329106e-08
5.560855196793441103e-08
5.573875798747651462e-08
5.583810814863744892e-08
5.590634601787006146e-08
5.594328120540868624e-08
5.594862989920614457e-08
5.592167749159483665e-08
5.586146357552904803e-08
5.576676199557348117e-08
5.563626095948609304e-08
5.546896017661255590e-08
5.526443805555726000e-08
5.502314400217284665e-08
5.474544594689118120e-08
5.443121084642963507e-08
5.407952354062945452e-08
5.368949961193120582e-08
5.326104048061317371e-08
5.279475729583255918e-08
5.229156518341526995e-08
5.175209474230052880e-08
5.117653157671158865e-08
5.056491215256774144e-08
4.991772972195008350e-08
4.923609658577137444e-08
4.852164282625266250e-08
4.777555501862599400e-08
4.699886514189793998e-08
4.619237179716474617e-08
4.535773201667631404e-08
4.449695751117948762e-08
4.361212262912805658e-08
4.270473662634377318e-08
4.177650410094612907e-08
4.082954005613901567e-08
3.986635279490611697e-08
3.888920377052265833e-08
3.790012844088709742e-08
3.690137007710910124e-08
3.589545128126963132e-08
3.488500025029246984e-08
3.387216304814963041e-08
3.285933000550262639e-08
3.184886494284020782e-08
3.084322865409431365e-08
2.984460136700951152e-08
2.885499089835026905e-08
2.787660794159900018e-08
2.691136037675704962e-08
2.596099129809131601e-08
2.502709843812355797e-08
2.411124652670771394e-08
2.321465558806884196e-08
2.233838679380157713e-08
2.148335347830552057e-08
2.065023854488423075e-08
1.983950949501306221e-08
1.905148900794511945e-08
1.828625956551611656e-08
1.754374886312433047e-08
1.682373597724193617e-08
1.612584494340623329e-08
1.544961350100768160e-08
1.479447914513568966e-08
1.415982011245369510e-08
1.354498193412014384e-08
1.294930865837636735e-08
1.237216145412199408e-08
1.181294262698390167e-08
1.127113200011603809e-08
1.074630289975925704e-08
1.023813382547270442e-08
9.746408906550682857e-09
9.271017547568053169e-09
8.811954517684488023e-09
8.369316256296109477e-09
7.943272427590737909e-09
7.534011297949354868e-09
7.141726050508797853e-09
6.766588906412807819e-09
6.408700202779121788e-09
6.068052224472246191e-09
5.744497173019444333e-09
5.437732207270440587e-09
5.147302402129998493e-09
4.872592033401044254e-09
4.612845220177108939e-09
4.367200063903941180e-09
4.134739658652621907e-09
3.914544319484067414e-09
3.705735111863359572e-09
3.507524887155654646e-09
3.319246101227951777e-09
3.140367349569533106e-09
2.970483066309787321e-09
2.809296652487835415e-09
2.656594731028544087e-09
2.512190728166345652e-09
2.375863098720116114e-09
2.247331953925256282e-09
2.126261431183794323e-09
2.012243790679428164e-09
1.904803329098845065e-09
1.803458248118073898e-09
1.707750889095261750e-09
1.617304508715728500e-09
1.531818695433922062e-09
1.451029519286765000e-09
1.374736680375038155e-09
1.302752818801491831e-09
1.234857405036725303e-09
1.170805649454912659e-09
1.110353623390478700e-09
1.053260324065310145e-09
9.992897028535790124e-10
9.482651589546908485e-10
9.000168873840085992e-10
8.543855930404915424e-10
8.112309234904918364e-10
7.703927374886511937e-10
7.317256971470977936e-10
6.950956712923561286e-10
6.603729933215870188e-10
6.274516090031070264e-10
5.962208780003495225e-10
5.665778829327533399e-10
5.384302631409842747e-10
5.116844667169363752e-10
4.862616592141607224e-10
4.620822515799481238e-10
4.390770046587316914e-10
4.171772752722305789e-10
3.963216910400703429e-10
3.764525451075737968e-10
3.575166714852249431e-10
3.394638497401908117e-10
3.222484056393385733e-10
3.058274402541749609e-10
2.901610792799402196e-10
2.752124497613708829e-10
2.609473248179963171e-10
2.473335119033397306e-10
2.343411871318507112e-10
2.219426336368757439e-10
2.101116733276101436e-10
1.988238015330189097e-10
1.880562050079413939e-10
1.777872075067918583e-10
1.679962970250505344e-10
1.586642435890210952e-10
1.497727231955257399e-10
1.413041539170657083e-10
1.332419421912029989e-10
1.255702159005885626e-10
1.182735717366700663e-10
1.113373391478927806e-10
1.047474353804740652e-10
9.849012997153399902e-11
9.255217357307377895e-11
8.692086413485131641e-11
8.158375719929887569e-11
7.652873915324646138e-11
7.174422081554115606e-11
6.721879888185955725e-11
6.294134098089853511e-11
5.890118017547909767e-11
5.508786188741450896e-11
5.149114972756047156e-11
4.810122816761720903e-11
4.490851046871500126e-11
4.190364623203201033e-11
3.907764544443357713e-11
3.642177270477097841e-11
3.392753938241887133e-11
3.158679215038549421e-11
2.939162215329990372e-11
2.733439592738016819e-11
2.540779469483959438e-11
2.360472494572111429e-11
2.191842178266431107e-11
2.034235673125658120e-11
1.887029523922781688e-11
1.749625588620469984e-11
1.621452720057681709e-11
1.501964899832690559e-11
1.390641881393224278e-11
1.286987669999593013e-11
1.190530662574324597e-11
1.100823627498156759e-11
1.017440676778725387e-11
9.399795999533878582e-12
8.680590654925630572e-12
8.013179319402674787e-12
7.394157181461857048e-12
6.820311826989052202e-12
6.288609316416860756e-12
5.796194488650674803e-12
5.340383423853284796e-12
4.918656715276371632e-12
4.528644868069766893e-12
4.168124709303244714e-12
3.835011966019486046e-12
3.527355246101062081e-12
3.243328471107567940e-12
2.981226583076622856e-12
2.739455751810656045e-12
2.516527856344432033e-12
2.311054376911424598e-12
2.121741124051604356e-12
1.947379855080251752e-12
1.786848317801475105e-12
1.639102152846818599e-12
1.503170101594562694e-12
1.378149039832394659e-12
1.263201427452392126e-12
1.157548102670730892e-12
1.060466684476765458e-12
9.712888230822876944e-13
8.893953802302781418e-13
8.142133588082147150e-13
7.452129686212399364e-13
6.819025430365791447e-13
6.238301665309440933e-13
5.705783324610899823e-13
5.217637813665827385e-13
4.770297993194282892e-13
4.360481405644925075e-13
3.985167938018989891e-13
3.641592379345395735e-13
3.327143627019311726e-13
3.039412809494587857e-13
2.776198319087082828e-13
2.535439053790218616e-13
2.315230429050114744e-13
2.113854993442004145e-13
1.929718760047888276e-13
1.761376053448088706e-13
1.607528961377997176e-13
1.466976888279109419e-13
1.338643223746433109e-13
1.221493571476296744e-13
1.114590835214956803e-13
1.017032364711244780e-13
9.279865007936936221e-14
8.467021413586103908e-14
7.725236660569579867e-14
7.048393369663565496e-14
6.431235899650055370e-14
5.868593138817861720e-14
5.355605939241255013e-14
4.887814856593664643e-14
4.461251424880929854e-14
4.072377422248484352e-14
3.717947821912007452e-14
3.394865410202335485e-14
3.100379187936485900e-14
2.831981656286616298e-14
2.587383631023688848e-14
2.364497213623578150e-14
2.161417836967542397e-14
1.976408003239182456e-14
1.807882537466260222e-14
1.654395150892098805e-14
1.514626170808376516e-14
1.387371382164887596e-14
1.271531846326877333e-14
1.166104619971136243e-14
1.070203590038921352e-14
9.829793455808024800e-15
9.036550185124092995e-15
8.315869174658506181e-15
7.660857711246109164e-15
7.066284507404305347e-15
6.526462729717926468e-15
6.036704707284476099e-15
5.592773992617790375e-15
5.190483397416559485e-15
4.826200690971493332e-15
4.496597482170411348e-15
4.198625408879495845e-15
3.929494704885899770e-15
3.686673947213633324e-15
3.467961042125048359e-15
3.271105504460932727e-15
3.094312040101892047e-15
2.935763150804958822e-15
