# bin_2_2
1.443754103077553518e-08
1.449242388546792338e-08
1.454922364886197594e-08
1.460799461779385185e-08
1.466879233781125513e-08
1.473167429436590368e-08
1.479669961196331495e-08
1.486393096469257588e-08
1.493343315576767933e-08
1.500527058906800213e-08
1.507950678192383547e-08
1.515620192007236808e-08
1.523541601831272728e-08
1.531721215546859830e-08
1.540165693246217311e-08
1.548882300708926914e-08
1.557878447790202134e-08
1.567161346129641487e-08
1.576737759384309561e-08
1.586614802799876221e-08
1.596800038211021871e-08
1.607301722408972282e-08
1.618127803638507818e-08
1.629285679128005362e-08
1.640782361606138293e-08
1.652625695140104897e-08
1.664824169940853331e-08
1.677385190143925717e-08
1.690314484954920632e-08
1.703617666047780951e-08
1.717301749842688936e-08
1.731373855466674185e-08
1.745837769341634660e-08
1.760695463068721176e-08
1.775949938677285339e-08
1.791604523899010540e-08
1.807658966627204825e-08
1.824110189228928909e-08
1.840957261050328480e-08
1.858200643699572498e-08
1.875836868093100702e-08
1.893861982247064882e-08
1.912278711651201250e-08
1.931086863473815571e-08
1.950282575886839116e-08
1.969870839185963247e-08
1.989855041754328053e-08
2.010228759119682890e-08
2.030994507581349226e-08
2.052156807759454888e-08
2.073706443628824111e-08
2.095641704028315958e-08
2.117963806242494730e-08
2.140662145175587645e-08
2.163739503542114171e-08
2.187199404133624708e-08
2.211037371317807156e-08
2.235261764096395154e-08
2.259864773916703304e-08
2.284836340556745216e-08
2.310169766869763134e-08
2.335833831485448637e-08
2.361811277622369221e-08
2.388066609393247966e-08
2.414562299022710149e-08
2.441269582419900068e-08
2.468131525256966621e-08
2.495112694433811033e-08
2.522151946698848551e-08
2.549207518829935658e-08
2.576250331692096142e-08
2.603243113687094835e-08
2.630188692781570326e-08
2.657074304620779228e-08
2.683913146141471463e-08
2.710688823558848622e-08
2.737403566918569968e-08
2.764026833103147803e-08
2.790529232451695467e-08
2.816845941703466839e-08
2.842894563488162263e-08
2.868586409153078319e-08
2.893825474827316958e-08
2.918537639450976453e-08
2.942655813181292546e-08
2.966139935051967204e-08
2.988954320399070138e-08
3.011072081970666598e-08
3.032456584522472931e-08
3.053073000133019627e-08
3.072869472526571932e-08
3.091800767710496094e-08
3.109812648707519761e-08
3.126868305762272014e-08
3.142896265749418213e-08
3.157806673894658122e-08
3.171482040548902373e-08
3.183798759489839298e-08
3.194680517103073096e-08
3.204108057333097383e-08
3.212093042540894814e-08
3.218648741240917265e-08
3.223739081320343535e-08
3.227304338495935289e-08
3.229244926743911535e-08
3.229451539154973466e-08
3.227830019822328816e-08
3.224317510762800235e-08
3.218904122872957530e-08
3.211607481780887950e-08
3.202444807764285156e-08
3.191388261416510012e-08
3.178385824326368319e-08
3.163370863285926708e-08
3.146288224935032399e-08
3.127102864888143271e-08
3.105830318628558031e-08
3.082506617479514929e-08
3.057171475081800382e-08
3.029836456960978612e-08
3.000482971817279739e-08
2.969080852518780299e-08
2.935635957900992512e-08
2.900218099075472342e-08
2.862911373423926473e-08
2.823780167226853086e-08
2.782849097769985964e-08
2.740146649468109942e-08
2.695719687988053494e-08
2.649675643935030596e-08
2.602125016191863836e-08
2.553159760851118627e-08
2.502850009269647143e-08
2.451273010278751018e-08
2.398542148725272629e-08
2.344792455120513022e-08
2.290159224455967489e-08
2.234736530295035523e-08
2.178631257488077247e-08
2.121981116498201696e-08
2.064940056465174723e-08
2.007626960410513574e-08
1.950167839596996108e-08
1.892682312591244138e-08
1.835318657517476023e-08
1.778206855351775218e-08
1.721462786643810068e-08
1.665199901094967978e-08
1.609539125342988390e-08
1.554596924773045794e-08
1.500460006322093700e-08
1.447221633438733234e-08
1.394971983785394959e-08
1.343782649802401134e-08
1.293712909143268701e-08
1.244818058754644154e-08
1.197143290310020426e-08
1.150715915798300298e-08
1.105557094646046562e-08
1.061680703510403450e-08
1.019084797360455209e-08
9.777615901556924237e-09
9.376975521638378768e-09
8.988688932307196873e-09
8.612478534267058636e-09
8.248035066667819272e-09
7.895009045993538422e-09
7.553043907830456268e-09
7.221786159208866672e-09
6.900904382121746905e-09
6.590099604134551550e-09
6.289113090208733983e-09
5.997736241028591452e-09
5.715814304580050309e-09
5.443247024841859692e-09
5.179994649874370136e-09
4.926064823807188324e-09
4.681501983586495227e-09
4.446377721731750466e-09
4.220772549517508527e-09
4.004750256579236525e-09
3.798347418291547681e-09
3.601551994439870649e-09
3.414288508380401438e-09
3.236410858760279290e-09
3.067692589197619027e-09
2.907830192900662359e-09
2.756450276412803821e-09
2.613122727347422989e-09
2.477383645757016655e-09
2.348756240310485825e-09
2.226773783355511962e-09
2.111004397351504170e-09
2.001064396901090125e-09
1.896629587358845731e-09
1.797432542240876750e-09
1.703260636818750970e-09
1.613942064658182200e-09
1.529328698068466610e-09
1.449273939226796723e-09
1.373616862833771607e-09
1.302172453449386806e-09
1.234732406757753628e-09
1.171072535703114886e-09
1.110961558445822939e-09
1.054170880517666255e-09
1.000486806413399233e-09
9.497202815786900297e-10
9.017049143769633996e-10
8.562924676270151629e-10
8.133519239989402139e-10
7.727586663305417035e-10
7.343820218079525391e-10
6.980902833993887058e-10
6.637607323679707008e-10
6.312749567002595958e-10
6.005159292471100040e-10
5.713774013440390873e-10
5.437593197657144942e-10
5.175737386625010779e-10
4.927375793101765231e-10
4.691649499333411201e-10
4.467798890677945997e-10
4.255109440761909744e-10
4.052885329844739266e-10
3.860486490439172575e-10
3.677334846984935407e-10
3.502882489803164652e-10
3.336606923373612960e-10
3.178041628594213622e-10
3.026739482631844994e-10
2.882288993050187284e-10
2.744313897771528808e-10
2.612461661399278106e-10
2.486407831755209276e-10
2.365853586230539727e-10
2.250521525277238495e-10
2.140155038705575987e-10
2.034518688099241241e-10
1.933394474400644532e-10
1.836578972580123251e-10
1.743885465765827618e-10
1.655141151841733235e-10
1.570183181134634237e-10
1.488861078925359951e-10
1.411035534176892562e-10
1.336573584963129368e-10
1.265350988979009723e-10
1.197252100820114137e-10
1.132165480179152929e-10
1.069985021515505841e-10
1.010611392806649049e-10
9.539479939438140584e-11
8.999011510976386814e-11
8.483822009386012712e-11
7.993045879176070797e-11
7.525830514787261371e-11
7.081358921175807809e-11
6.658833606138027364e-11
6.257459842468958539e-11
5.876469947462555083e-11
5.515112874242595179e-11
5.172641173877144012e-11
4.848323496016492369e-11
4.541449202829727667e-11
4.251311138842106438e-11
3.977213313030693057e-11
3.718485055212024944e-11
3.474459119522699517e-11
3.244480205055052547e-11
3.027917423461368870e-11
2.824149312187821960e-11
2.632565291944831419e-11
2.452580097081883962e-11
2.283620353949903543e-11
2.125127113119275594e-11
1.976564721883310712e-11
1.837411715477131392e-11
1.707163574289925354e-11
1.585338001097662700e-11
1.471466785349913708e-11
1.365102391189407926e-11
1.265815896941314709e-11
1.173195109688151913e-11
1.086847575066491843e-11
1.006397764394603711e-11
9.314880635523802461e-12
8.617780462042239061e-12
7.969443265746188608e-12
7.366791351439656488e-12
6.806919353309537380e-12
6.287062658268422264e-12
5.804617537189365156e-12
5.357117462953645807e-12
4.942239065231230038e-12
4.557793848350185351e-12
4.201719449177112486e-12
3.872077503596695977e-12
3.567045140170526205e-12
3.284910014991865835e-12
3.024066872451892611e-12
2.783011692867230913e-12
2.560336593835874339e-12
2.354724356807097032e-12
2.164945162762235251e-12
1.989848593807599159e-12
1.828360670431984412e-12
1.679479742132522106e-12
1.542272343275302524e-12
1.415868569156129814e-12
1.299459369396904956e-12
1.192292243999695701e-12
1.093668019113173881e-12
1.002938326111104509e-12
9.194982660453044625e-13
8.427868307578958698e-13
7.722840560009476871e-13
7.075081277903482012e-13
6.480129969237403410e-13
5.933861317566159621e-13
5.432447981466049626e-13
4.972335071749031336e-13
4.550242393778522964e-13
4.163136742185949498e-13
3.808219606503176821e-13
3.482909724356583934e-13
3.184801425273077579e-13
2.911684544881696438e-13
2.661517813357650083e-13
2.432433024448600006e-13
2.222685473321457683e-13
2.030680257449047506e-13
1.854953089841564140e-13
1.694162851082414655e-13
1.547058160835199228e-13
1.412501932531393689e-13
1.289467838985824459e-13
1.176986851161047465e-13
1.074185057060256594e-13
9.802715535182731977e-14
8.944959436127096584e-14
8.161879893040189968e-14
7.447187806443403241e-14
6.795018862585112421e-14
6.200069101167959326e-14
5.657213617872340471e-14
5.162004279887418546e-14
4.710106757648410022e-14
4.297859677103298068e-14
3.921702960040269204e-14
3.578615553565817832e-14
3.265710586390039043e-14
2.980407107284167001e-14
2.720350373357493037e-14
2.483278408935921976e-14
2.267184228083882657e-14
2.070234862331195943e-14
1.890712880066956724e-14
1.727091842994149068e-14
1.577980638878315226e-14
1.442125433344575371e-14
1.318338476685515392e-14
1.205561539069444381e-14
1.102829099453242222e-14
1.009260200352886630e-14
9.240510371178441322e-15
8.464681823085147227e-15
7.758423731789036818e-15
7.115628803709225789e-15
6.530844064937681856e-15
5.998959886836364828e-15
5.515257917262934271e-15
5.075512200467042644e-15
4.676136915843972361e-15
4.313312442170887059e-15
3.984080730904185774e-15
3.685324743440848401e-15
3.414627785127873993e-15
3.169358573188375164e-15
2.947349557024404181e-15
2.746669195239053516e-15
2.565416447781882121e-15
2.401886897601979040e-15
2.254540288815284053e-15
2.121958360527590342e-15
2.002910723224163570e-15
1.896140605192979015e-15
1.800527038118686483e-15
1.715165997760206315e-15
1.639025001018228173e-15
1.571364082272192760e-15
1.511340932062860865e-15
1.458255637360767777e-15
1.411463763497653628e-15
1.370368054054682512e-15
1.334417165982057492e-15
1.303145356201042042e-15
1.276063810065556093e-15
1.252789974011152398e-15
1.232925942762715767e-15
