# bin_4_2
1.585427402641545919e-08
1.591717015602148443e-08
1.598228663852687586e-08
1.604968875225298588e-08
1.611944343353301795e-08
1.619161997347997576e-08
1.626628968142317738e-08
1.634352782826923724e-08
1.642341217743061183e-08
1.650602041680561237e-08
1.659142975843557132e-08
1.667971448897190014e-08
1.677094922216258277e-08
1.686521219857066230e-08
1.696258564564392349e-08
1.706315831365263702e-08
1.716702071811393766e-08
1.727426181632788398e-08
1.738496658184780512e-08
1.749922417563920544e-08
1.761712882317218063e-08
1.773878217232435082e-08
1.786428303132565528e-08
1.799372513722935019e-08
1.812719903427411423e-08
1.826480448584959065e-08
1.840664817583054451e-08
1.855282603900245416e-08
1.870341753772876441e-08
1.885850184813552615e-08
1.901817327283881250e-08
1.918252739601566158e-08
1.935162621195405700e-08
1.952551420899724644e-08
1.970424756521228916e-08
1.988788615759306316e-08
2.007645348333839991e-08
2.026994521237061635e-08
2.046838018478179295e-08
2.067179147910123827e-08
2.088017168189148363e-08
2.109350954112686515e-08
2.131186270275559349e-08
2.153525827416038170e-08
2.176368599787048773e-08
2.199722701530673034e-08
2.223594571712625408e-08
2.247980635261337501e-08
2.272886554442415472e-08
2.298319993663527736e-08
2.324274586528783061e-08
2.350751772340252895e-08
2.377755910984132474e-08
2.405279188496748317e-08
2.433327542590542274e-08
2.461907483302673541e-08
2.491017231470237079e-08
2.520668226282424504e-08
2.550855255780105677e-08
2.581570850849338704e-08
2.612811100211929935e-08
2.644546935820453926e-08
2.676763679017101834e-08
2.709427903339604797e-08
2.742503988409102078e-08
2.775965248980078214e-08
2.809755996966069918e-08
2.843842556902499405e-08
2.878164711674503495e-08
2.912681798757680094e-08
2.947365659841923086e-08
2.982179243514337775e-08
3.017126019735169147e-08
3.052192840400689328e-08
3.087392970313748429e-08
3.122708890855574333e-08
3.158142042455163217e-08
3.193659997108634001e-08
3.229231511267993277e-08
3.264788993751987222e-08
3.300246831999535956e-08
3.335512612173429506e-08
3.370485880642349193e-08
3.405087797957151660e-08
3.439245654852198737e-08
3.472913522507454717e-08
3.506048960196115409e-08
3.538618006310688725e-08
3.570575855169516823e-08
3.601879136806144760e-08
3.632466353555740382e-08
3.662282143382233901e-08
3.691260868642541068e-08
3.719353903363816386e-08
3.746476482254095238e-08
3.772524728472975263e-08
3.797366110149605467e-08
3.820860947017399907e-08
3.842916358910381324e-08
3.863495627749717926e-08
3.882592253481615424e-08
3.900200414165904946e-08
3.916263610364976852e-08
3.930700709930665371e-08
3.943389404261172641e-08
3.954196646055033571e-08
3.963003743558621672e-08
3.969722663770183103e-08
3.974317790730103628e-08
3.976780351473372557e-08
3.977100454850878513e-08
3.975222162949307382e-08
3.971064499075245827e-08
3.964531018218228303e-08
3.955536439345932691e-08
3.944015282061528990e-08
3.929953000464836156e-08
3.913355355953164590e-08
3.894231697463752146e-08
3.872562918236536935e-08
3.848299860711157359e-08
3.821382193885188100e-08
3.791786230714733340e-08
3.759553545708384202e-08
3.724740847550453720e-08
3.687386235659492058e-08
3.647488932633087959e-08
3.605053654230257488e-08
3.560105360827944878e-08
3.512732324542877705e-08
3.463028045367245094e-08
3.411069764425200192e-08
3.356915393804175392e-08
3.300633073514478243e-08
3.242330860959101461e-08
3.182142083101503052e-08
3.120204201213862789e-08
3.056616663095992843e-08
2.991496208743534126e-08
2.924995161354030969e-08
2.857286863429053568e-08
2.788513424860065707e-08
2.718829230467111261e-08
2.648386725983807822e-08
2.577372469926810030e-08
2.505959071119531152e-08
2.434309431652954054e-08
2.362588220181700290e-08
2.290971717941804288e-08
2.219635348693686025e-08
2.148727375593924565e-08
2.078405480379760634e-08
2.008826293238263905e-08
1.940129053233770402e-08
1.872441176143555112e-08
1.805885830206854969e-08
1.740574775661050186e-08
1.676599560612134627e-08
1.614042672875837954e-08
1.552975306469737718e-08
1.493447687687030101e-08
1.435498433741235518e-08
1.379153931870195550e-08
1.324423163793640744e-08
1.271303707134778012e-08
1.219782073298232496e-08
1.169832692223970028e-08
1.121421383121949272e-08
1.074506782429159769e-08
1.029043119476049404e-08
9.849822933026049847e-09
9.422756046767183179e-09
9.008759628805305137e-09
8.607397516270564793e-09
8.218287898264696166e-09
7.841128249370786096e-09
7.475697344403225382e-09
7.121858326774804447e-09
6.779564282085882062e-09
6.448850541415372248e-09
6.129812204087388743e-09
5.822593184776848873e-09
5.527360558412329633e-09
5.244278324980569003e-09
4.973481108746663645e-09
4.715041238481955273e-09
4.468945708849966738e-09
4.235074692526763329e-09
4.013190228156716373e-09
3.802939101759771150e-09
3.603858232465590669e-09
3.415392012712097950e-09
3.236926089442663139e-09
3.067819911488048780e-09
2.907444035768589679e-09
2.755207782062083592e-09
2.610591828268338604e-09
2.473163661378355391e-09
2.342580592819045933e-09
2.218575350847014926e-09
2.100936162047864113e-09
1.989479793618827225e-09
1.884027645346421080e-09
1.784385153502114778e-09
1.690324916485348049e-09
1.601579782693071584e-09
1.517850556264824480e-09
1.438825060421904093e-09
1.364193510489451602e-09
1.293665467199444196e-09
1.226989520289675808e-09
1.163951101679400847e-09
1.104356014788002327e-09
1.048028844705829214e-09
9.948139772050267595e-10
9.445547676230420824e-10
8.970800203869297107e-10
8.522192583020182238e-10
8.098016099705069495e-10
7.696759470529691226e-10
7.317056360096317819e-10
6.957537725335532419e-10
6.617053942839461845e-10
6.294526821585179640e-10
5.988847624914228320e-10
5.698953131772468076e-10
5.423884878922765081e-10
5.162733970008351754e-10
4.914614780845652220e-10
4.678777944933029074e-10
4.454470186991499282e-10
4.240988103101170807e-10
4.037700897018506377e-10
3.843999282783630224e-10
3.659331853350971411e-10
3.483185199891861814e-10
3.315075821247245555e-10
3.154562406456556878e-10
3.001235568612309379e-10
2.854717758090814818e-10
2.714658182197434735e-10
2.580732810472806560e-10
2.452644098829680969e-10
2.330113859854238018e-10
2.212886460208710588e-10
2.100725764037680200e-10
1.993410551223367830e-10
1.890735866069393946e-10
1.792512503151223247e-10
1.698561768205593789e-10
1.608716309635848475e-10
1.522820880822795068e-10
1.440727845660770757e-10
1.362296832233246602e-10
1.287396437753615925e-10
1.215900841378108882e-10
1.147688599755341132e-10
1.082644569083343168e-10
1.020657924910289165e-10
9.616201489551393188e-11
9.054272141823712778e-11
8.519782689334456589e-11
8.011740639094183506e-11
7.529180206804191170e-11
7.071165208158746475e-11
6.636769924359699601e-11
6.225085586188847846e-11
5.835233597033448752e-11
5.466342326999504799e-11
5.117555062466993952e-11
4.788042108981929477e-11
4.476985109563685385e-11
4.183578268957857080e-11
3.907042886097686858e-11
3.646613649542056693e-11
3.401541259105010352e-11
3.171101578284008439e-11
2.954586519899560407e-11
2.751307096337304286e-11
2.560599069621638705e-11
2.381814913145037880e-11
2.214330858943869131e-11
2.057545064280598185e-11
1.910876005821383793e-11
1.773765818947097666e-11
1.645677697107250965e-11
1.526097108096124830e-11
1.414531275169103466e-11
1.310509184601881940e-11
1.213580283921447770e-11
1.123316280961978394e-11
1.039307989758576344e-11
9.611675014956618220e-12
8.885257787366247946e-12
8.210332878909188384e-12
7.583591322186349143e-12
7.001901037697451481e-12
6.462304061357381212e-12
5.962007094542573218e-12
5.498375552344002562e-12
5.068929120733230936e-12
4.671334657599812257e-12
4.303399720640213177e-12
3.963065529475894325e-12
3.648402304200193130e-12
3.357599596832636095e-12
3.088961654886486609e-12
2.840901678966049419e-12
2.611936185830379652e-12
2.400678645517388559e-12
2.205835427276939848e-12
2.026200077378979149e-12
1.860648496869581920e-12
1.708134656955356431e-12
1.567681796729532906e-12
1.438381337327234303e-12
1.319388817210317613e-12
1.209919978251963586e-12
1.109247187241780038e-12
1.016695621942351502e-12
9.316382258744179992e-13
8.534921811902886855e-13
7.817180749612621835e-13
7.158162026360794122e-13
6.553245877360686845e-13
5.998161643813354341e-13
5.488934815670270540e-13
5.021900091009727024e-13
4.593667801204450396e-13
4.201120878139965363e-13
3.841359715275270056e-13
3.511722416875608921e-13
3.209757605059633359e-13
2.933210750684040307e-13
2.679987086123347610e-13
2.448172597336223714e-13
2.236026230693012058e-13
2.041920079066510253e-13
1.864373500478056486e-13
1.702037361271998003e-13
1.553647608576532442e-13
1.418062642807900483e-13
1.294218164606414230e-13
1.181123317465813981e-13
1.077871958768928164e-13
9.836029105826438424e-14
8.975492614242129411e-14
8.189796488296496565e-14
7.472566127071368014e-14
6.817770491476506477e-14
6.220162885967427261e-14
5.674856000380675094e-14
5.177457179772851010e-14
4.723936389703857849e-14
4.310454386760497865e-14
3.933511418028654460e-14
3.589873220495044126e-14
3.276552499448915643e-14
2.990896386786367717e-14
2.730494259069262563e-14
2.493156245318395497e-14
2.276833800944849302e-14
2.079682788546520659e-14
1.900017998968851219e-14
1.736301606809497604e-14
1.587132954053273667e-14
1.451235064700679422e-14
1.327442003213007359e-14
1.214689701782553407e-14
1.112020662902160256e-14
1.018547132751163923e-14
9.334531279821541924e-15
8.560028634754675924e-15
7.855547583398617156e-15
7.214637414744949137e-15
6.631991977311308369e-15
6.102311098923728029e-15
5.621234331923029148e-15
5.184311256482221319e-15
4.787741815428403971e-15
4.428114100118139154e-15
4.102160629976595550e-15
3.806935106242259089e-15
3.539767808845150163e-15
3.298209628099049999e-15
3.080102491383522046e-15
2.883322089326111726e-15
2.705960325969005808e-15
2.546420229568520723e-15
2.402996528732478840e-15
2.274379545497138342e-15
2.159171946097968540e-15
2.056183466522710184e-15
1.964322575410852434e-15
1.882583030485789777e-15
1.810039535452977153e-15
1.745899178752209777e-15
1.689354907272337141e-15
1.639758232917769463e-15
1.596452474664152415e-15
