# bin_3_3
1.686124525641479309e-08
1.692998924629393053e-08
1.700115984088868166e-08
1.707483294695895772e-08
1.715108973424653103e-08
1.723001369314346566e-08
1.731168691580042113e-08
1.739619040749715169e-08
1.748360221975446783e-08
1.757399841532524326e-08
1.766746056873788986e-08
1.776407592631127409e-08
1.786394132876456375e-08
1.796715949855022791e-08
1.807382763635656807e-08
1.818403733673728424e-08
1.829787421927211952e-08
1.841543259768106074e-08
1.853682043738654353e-08
1.866216487048338986e-08
1.879159134227964712e-08
1.892520830231881650e-08
1.906310271556760003e-08
1.920537436000748745e-08
1.935215859126549330e-08
1.950361664900924098e-08
1.965988469316421581e-08
1.982104742533617936e-08
1.998719483291581759e-08
2.015847265436622343e-08
2.033505118693486045e-08
2.051704078369197288e-08
2.070448744597961305e-08
2.089747900357422321e-08
2.109615423135055083e-08
2.130059790165984625e-08
2.151081244152409247e-08
2.172684361266117027e-08
2.194880053051617954e-08
2.217670790470491252e-08
2.241052585816317402e-08
2.265032927458951293e-08
2.289624033045465687e-08
2.314824111068037639e-08
2.340635944030586761e-08
2.367077009075306556e-08
2.394149696495824570e-08
2.421848170729336253e-08
2.450185186552250069e-08
2.479159032746445570e-08
2.508751708364003439e-08
2.538966193614754210e-08
2.569790750475730250e-08
2.601201822627065814e-08
2.633205994436923489e-08
2.665794968490163282e-08
2.698961842364239315e-08
2.732724969213147649e-08
2.767075867412569210e-08
2.802027641656158940e-08
2.837588127508688729e-08
2.873743068268537054e-08
2.910511571663191581e-08
2.947881999069495363e-08
2.985858719691007376e-08
3.024448858144747998e-08
3.063633112898332522e-08
3.103405302863660123e-08
3.143721137324497883e-08
3.184552311973772512e-08
3.225845401047858093e-08
3.267551927666221889e-08
3.309612746920167687e-08
3.351945511276626392e-08
3.394490240511602528e-08
3.437156634008863744e-08
3.479905551436157162e-08
3.522681455456994921e-08
3.565485405359836266e-08
3.608302996081283716e-08
3.651150166462773665e-08
3.694032753402730741e-08
3.736951760185426252e-08
3.779871918265071020e-08
3.822749825050533750e-08
3.865495702214158739e-08
3.908007750959159572e-08
3.950155510719526107e-08
3.991811145144412215e-08
4.032878148505613339e-08
4.073272999485306201e-08
4.112943994950187946e-08
4.151829957861771649e-08
4.189868160451104726e-08
4.226991311114361616e-08
4.263118839725822074e-08
4.298189841976863201e-08
4.332146465463927025e-08
4.364961542396388913e-08
4.396578384090687914e-08
4.426923792886236209e-08
4.455840707071033201e-08
4.483142627818857880e-08
4.508641759362019248e-08
4.532220386810337057e-08
4.553834695639221135e-08
4.573498904531139758e-08
4.591199199499758740e-08
4.606904535990495929e-08
4.620527857096087363e-08
4.631952855078980027e-08
4.641009958025400299e-08
4.647537698509518672e-08
4.651419697439203877e-08
4.652622272330703703e-08
4.651146553671179747e-08
4.646988450652298397e-08
4.640113943059289229e-08
4.630451167789176666e-08
4.617914196831004077e-08
4.602395767438008277e-08
4.583817728709305275e-08
4.562134659942054012e-08
4.537382143790778744e-08
4.509605633887411922e-08
4.478833701033619283e-08
4.445019711954718375e-08
4.408096703425774680e-08
4.368038452311813295e-08
4.324892749573290021e-08
4.278756904952184477e-08
4.229712201273986920e-08
4.177801843002710410e-08
4.123037601885529092e-08
4.065463187899486260e-08
4.005166274255183525e-08
3.942299071617909399e-08
3.876988241004735061e-08
3.809339226857233144e-08
3.739430214087028191e-08
3.667389286920389570e-08
3.593391819189779213e-08
3.517626378716103012e-08
3.440246183410264917e-08
3.361387682769079699e-08
3.281224030293224784e-08
3.199968649261671456e-08
3.117828454855119667e-08
3.034971253103700752e-08
2.951585782366761468e-08
2.867867951353200347e-08
2.784042174256219815e-08
2.700288341951055315e-08
2.616792682490324804e-08
2.533741396358995801e-08
2.451329264917944744e-08
2.369732767791524771e-08
2.289097518444502244e-08
2.209590220828029636e-08
2.131358379616142319e-08
2.054525933659230104e-08
1.979203688854910022e-08
1.905499890015870507e-08
1.833498134746132471e-08
1.763263029610177512e-08
1.694849699656989068e-08
1.628296294471183920e-08
1.563618352635051252e-08
1.500822414522325259e-08
1.439899443407714327e-08
1.380827773113913754e-08
1.323576038950478360e-08
1.268103137629276834e-08
1.214361041694336644e-08
1.162296936159122426e-08
1.111857018788695784e-08
1.062987682987813132e-08
1.015637669047374409e-08
9.697608707408285374e-09
9.253176587155796125e-09
8.822755072881916282e-09
8.406101149966764824e-09
8.003060213132673367e-09
7.613564246762226931e-09
7.237627448502820018e-09
6.875333256832198233e-09
6.526807053353250426e-09
6.192194586456999602e-09
5.871639094624921158e-09
5.565251697463935082e-09
5.273080323964932204e-09
4.995073788479412830e-09
4.731064678290855182e-09
4.480763970506669888e-09
4.243752621634670232e-09
4.019485084812402538e-09
3.807317783321688999e-09
3.606539262195084486e-09
3.416411978729736704e-09
3.236204070725995937e-09
3.065228433573411983e-09
2.902874531843621848e-09
2.748631732330216075e-09
2.602096912728433772e-09
2.462963664575573661e-09
2.330999883768314957e-09
2.206015879264631936e-09
2.087831149165937008e-09
1.976239156619009026e-09
1.870985182488604722e-09
1.771767282495831026e-09
1.678237902126024718e-09
1.590012522559028839e-09
1.506709940566541794e-09
1.427996290024616530e-09
1.353587911223958547e-09
1.283240069016574594e-09
1.216753229381079144e-09
1.153943851573127782e-09
1.094642454646655877e-09
1.038668965435446417e-09
9.858108035350344928e-10
9.358702254049105603e-10
8.886622022077510399e-10
8.440099492622917390e-10
8.017576231880913685e-10
7.617736588742399791e-10
7.239308827102811542e-10
6.880931977736686470e-10
6.541448575784663063e-10
6.219647720422471434e-10
5.914404453278030885e-10
5.624772300719791595e-10
5.349778665641736703e-10
5.088558884269923308e-10
4.840297475864314762e-10
4.604194819153377506e-10
4.379552951917331607e-10
4.165690878703466567e-10
3.961988074432710738e-10
3.767875558172225107e-10
3.582808568036773149e-10
3.406295467967106138e-10
3.237869590365164921e-10
3.077107796823874352e-10
2.923613830380522107e-10
2.777019249674298420e-10
2.636984090560846910e-10
2.503195027822873540e-10
2.375357623863140360e-10
2.253199443712687706e-10
2.136468978525546031e-10
2.024929680014470985e-10
1.918360085531515757e-10
1.816555420874180445e-10
1.719322178909722140e-10
1.626476867885888086e-10
1.537848739979501110e-10
1.453275639510835305e-10
1.372601925103505151e-10
1.295680900153233341e-10
1.222373050167364465e-10
1.152542780627645298e-10
1.086060517229280045e-10
1.022802646718889088e-10
9.626480288917639580e-11
9.054795795121778339e-11
8.511848948089508403e-11
7.996538747569710987e-11
7.507786332893120256e-11
7.044554968712974124e-11
6.605828698349038204e-11
6.190604999962974978e-11
5.797920000579975099e-11
5.426831123674449181e-11
5.076405025036084917e-11
4.745744507840268124e-11
4.433974701321249923e-11
4.140232686631386076e-11
3.863684959455593571e-11
3.603525022061477275e-11
3.358960260499740567e-11
3.129225908502540526e-11
2.913584569939431480e-11
2.711315363156248375e-11
2.521726729668720678e-11
2.344150833951813389e-11
2.177940776450126485e-11
2.022478268397181873e-11
1.877164974899831755e-11
1.741429987854665578e-11
1.614723971217575611e-11
1.496522400285631303e-11
1.386323916102999315e-11
1.283649687138432477e-11
1.188044274861662018e-11
1.099073792894439226e-11
1.016325652352821998e-11
9.394084308330374342e-12
8.679508628552315078e-12
8.016011310639255031e-12
7.400271078534824420e-12
6.829144666415965901e-12
6.299667404634400216e-12
5.809049629095275446e-12
5.354660501192129641e-12
4.934023228662327073e-12
4.544811552637977508e-12
4.184841877842508877e-12
3.852064501515657636e-12
3.544560948012503635e-12
3.260531070051991223e-12
2.998293576569813697e-12
2.756275870026768909e-12
2.533009042570954184e-12
2.327120627429708795e-12
2.137330547288254824e-12
1.962445808965104226e-12
1.801356588049253540e-12
1.653031023034463224e-12
1.516505314903340845e-12
1.390884087925205533e-12
1.275335591011736497e-12
1.169087354005307990e-12
1.071422827877354938e-12
9.816778736345367520e-13
8.992368877400216553e-13
8.235263660696886905e-13
7.540164482146905128e-13
6.902165649193479895e-13
6.316736819500152026e-13
5.779710615061738136e-13
5.287195280120613950e-13
4.835612432362689615e-13
4.421665466420226407e-13
4.042323004893615449e-13
3.694786050929785030e-13
3.376473045761020756e-13
3.085012973054654568e-13
2.818235765942666329e-13
2.574125029522189557e-13
2.350829955745217843e-13
2.146650025232020487e-13
1.960003117971831719e-13
1.789410636843578728e-13
1.633521552897454578e-13
1.491077240976761652e-13
1.360917148410510951e-13
1.242003898027505776e-13
1.133358400071888493e-13
1.034121694202664476e-13
9.435062831242471117e-14
8.607933942304938907e-14
7.853306980588390877e-14
7.165028249454740518e-14
6.537387739586397631e-14
5.964963137519991734e-14
5.442825379069068418e-14
4.966578990513765741e-14
4.532176428948316899e-14
4.136137184254797565e-14
3.775109642475136434e-14
3.445998990335164684e-14
3.146020996520139470e-14
2.872595118632686117e-14
2.623373344755248072e-14
2.396234031762617665e-14
2.189240444858935549e-14
2.000638040157486280e-14
1.828802215654801067e-14
1.672253960361305930e-14
1.529652190962371489e-14
1.399773451661283750e-14
1.281501542971662436e-14
1.173820574693123825e-14
1.075818006275263941e-14
9.866304986970825492e-15
9.054836602484927678e-15
8.316707236934962114e-15
7.645790538524869393e-15
7.035964935200923609e-15
6.481929876127810789e-15
5.978945765300578713e-15
5.522422775232454239e-15
5.108334059437542155e-15
4.733097246727086350e-15
4.393158842164469442e-15
4.085465065994514382e-15
3.807209822319605876e-15
3.555814682219487407e-15
3.328911691423681712e-15
3.124328238424771334e-15
2.940072685135818948e-15
2.774320828292089254e-15
2.625530733772828406e-15
2.492100880288384124e-15
2.372745817798469974e-15
2.266157480790406863e-15
2.171254343833959784e-15
2.087036692756635278e-15
