# bin_4_4
6.951239666335459575e-13
6.952485760556521754e-13
6.953780129739914297e-13
6.955124613026626668e-13
6.956521117101497265e-13
6.957971618540166748e-13
6.959478166142866357e-13
6.961042883243533186e-13
6.962667969853524667e-13
6.964355704787670661e-13
6.966108448112753308e-13
6.967928644219413690e-13
6.969818826120049816e-13
6.971781620193720299e-13
6.973819750510129031e-13
6.975936041492499504e-13
6.978133418384449206e-13
6.980414907152138549e-13
6.982783636106967606e-13
6.985242841198788852e-13
6.987795872946798187e-13
6.990446201140256351e-13
6.993197415098136994e-13
6.996053224495047137e-13
6.999017466085785494e-13
7.002094113766858668e-13
7.005287279565198263e-13
7.008601202252680117e-13
7.012040244276546118e-13
7.015608913036619094e-13
7.019311889596893346e-13
7.023154029602070349e-13
7.027140337654680025e-13
7.031275957197532961e-13
7.035566197411163090e-13
7.040016554500062616e-13
7.044632694688376005e-13
7.049420439560518736e-13
7.054385791590944692e-13
7.059534964135491720e-13
7.064874374980165504e-13
7.070410631628261173e-13
7.076150538923522300e-13
7.082101093871462173e-13
7.088269462252204214e-13
7.094662983297025122e-13
7.101289190737061126e-13
7.108155831581694269e-13
7.115270888970673957e-13
7.122642592270974119e-13
7.130279401576926986e-13
7.138189946319467005e-13
7.146383029893545996e-13
7.154867730106264565e-13
7.163653315627151024e-13
7.172749173080772185e-13
7.182164995952511379e-13
7.191910643681463124e-13
7.201996106476444108e-13
7.212431724928770360e-13
7.223227938470010562e-13
7.234395310783053223e-13
7.245944585808558166e-13
7.257886681570817626e-13
7.270232860053417295e-13
7.282994455355318740e-13
7.296182845652106405e-13
7.309809401537281026e-13
7.323885409296984592e-13
7.338422387845436472e-13
7.353432349557206991e-13
7.368926982253628031e-13
7.384917854416090473e-13
7.401416447145835259e-13
7.418434110852630104e-13
7.435982175687883711e-13
7.454072161302497937e-13
7.472715899970130163e-13
7.491924141841897505e-13
7.511707863788365193e-13
7.532077033271246577e-13
7.553041750709473069e-13
7.574611222351131877e-13
7.596795286478580989e-13
7.619602691553956144e-13
7.643041714698708969e-13
7.667119629787075489e-13
7.691843044664671531e-13
7.717217589616872448e-13
7.743247611282680726e-13
7.769937426545629018e-13
7.797289885798444773e-13
7.825306345112919014e-13
7.853986160553935981e-13
7.883328755283083806e-13
7.913331030256055411e-13
7.943989304858881900e-13
7.975297568913519395e-13
8.007248393689533134e-13
8.039832498151308192e-13
8.073038417377419988e-13
8.106851436051148281e-13
8.141254689093851377e-13
8.176228783539309679e-13
8.211752077525970088e-13
8.247799499529270587e-13
8.284345447614505761e-13
8.321358969448243438e-13
8.358806433216662865e-13
8.396647288953201059e-13
8.434843213272013835e-13
8.473349532745155382e-13
8.512121711481827971e-13
8.551105229788650320e-13
8.590245917889456444e-13
8.629485571871011707e-13
8.668760817762128829e-13
8.708003904957629335e-13
8.747145086674730965e-13
8.786112778074214724e-13
8.824830583523801367e-13
8.863215300735278125e-13
8.901183336872853462e-13
8.938648647797210469e-13
8.975520658353920845e-13
9.011706908329290741e-13
9.047113555912577399e-13
9.081652681746421170e-13
9.115232600231251923e-13
9.147763088513171804e-13
9.179151722376614768e-13
9.209310947905877782e-13
9.238151145099563975e-13
9.265590230565299466e-13
9.291546302056844582e-13
9.315955390915944912e-13
9.338749253911438978e-13
9.359868646992556893e-13
9.379255530684318127e-13
9.396857664814666501e-13
9.412631938656356449e-13
9.426530428455173470e-13
9.438522130882150068e-13
9.448559041400984707e-13
9.456603372173239749e-13
9.462604033888229347e-13
9.466506701446717417e-13
9.468252202712471265e-13
9.467761379420637396e-13
9.464934575622868168e-13
9.459652780768289044e-13
9.451781593468934945e-13
9.441167079384906415e-13
9.427626132337409165e-13
9.410949213085059790e-13
9.390904972068126926e-13
9.367240975452680383e-13
9.339684482212953349e-13
9.307950659299595513e-13
9.271761768203320127e-13
9.230858137593130766e-13
9.185021404756972294e-13
9.134071606517475386e-13
9.077898801905674726e-13
9.016456711871099845e-13
8.949793315608239264e-13
8.878046237797467931e-13
8.801425444017851811e-13
8.720197409457645320e-13
8.634675884098950145e-13
8.545209915399935736e-13
8.452167452836741860e-13
8.355920660861375988e-13
8.256862858194385623e-13
8.155394170937217234e-13
8.051904290087278484e-13
7.946777658150675913e-13
7.840429955656544480e-13
7.733344170888983674e-13
7.626072961289120403e-13
7.519236119944953634e-13
7.413461225695648897e-13
7.309334164545091272e-13
7.207335653133007737e-13
7.107826701924123008e-13
7.010999395290642235e-13
6.916921911293844922e-13
6.825524267190975401e-13
6.736656539784447189e-13
6.650030992530846502e-13
6.565290671735521791e-13
6.481931392346147904e-13
6.399394297333398832e-13
6.316998830089427811e-13
6.234067941821706016e-13
6.149983377879208052e-13
6.064230088196686561e-13
5.976492284919954018e-13
5.886652682451852128e-13
5.794851686033475271e-13
5.701454548740128708e-13
5.607039399450759913e-13
5.512309268152453235e-13
5.417986131610969228e-13
5.324723032971776331e-13
5.232916147051531550e-13
5.142839523279865046e-13
5.054249896002287737e-13
4.966963134490609965e-13
4.880309546923823925e-13
4.793892715897698321e-13
4.707216271916516529e-13
4.620019103886127459e-13
4.532321464443153235e-13
4.444292652465778305e-13
4.356299909000889771e-13
4.268550490766425067e-13
4.181161637111402891e-13
4.093793642535164758e-13
4.006189420398925466e-13
3.917747760008526303e-13
3.828465684248589168e-13
3.738454156008844303e-13
3.648436032601699134e-13
3.559092880697314893e-13
3.470850397156619380e-13
3.383543286031682942e-13
3.296627176408467596e-13
3.209457114209253310e-13
3.121802357729349551e-13
3.033943440661772845e-13
2.946596398298882095e-13
2.860320713771522086e-13
2.775276993086371176e-13
2.691026718563043367e-13
2.607243164501067954e-13
2.523806603505635141e-13
2.441215665287098330e-13
2.359827033350500720e-13
2.279747811048098302e-13
2.200814208977558493e-13
2.122950635862011257e-13
2.046303397033243798e-13
1.971044415745150432e-13
1.897245240059377288e-13
1.824880396727647823e-13
1.753994076079310515e-13
1.684640185677754216e-13
1.616908972413947434e-13
1.550759984098616399e-13
1.486257198697199188e-13
1.423433830413481813e-13
1.362309521187343921e-13
1.302910485680651056e-13
1.245236377127525429e-13
1.189309790327083802e-13
1.135120044217178260e-13
1.082674262884419272e-13
1.031957987708181076e-13
9.829723674261527939e-14
9.356918738481013646e-14
8.901086820120821212e-14
8.461967407681123997e-14
8.039259049094436526e-14
7.632840119324349997e-14
7.242323563366390729e-14
6.867601347471961323e-14
6.508239422174478371e-14
6.163968107623703604e-14
5.834404554673544067e-14
5.519191555634266267e-14
5.217944609326339312e-14
4.930281635437369235e-14
4.655808501467073350e-14
4.394101018829392385e-14
4.144796596579371282e-14
3.907410665013168457e-14
3.681611219061459423e-14
3.466929490138143710e-14
3.263015742945172960e-14
3.069464694397790929e-14
2.885873425225030648e-14
2.711865545545336033e-14
2.547035445162672447e-14
2.391016233357426878e-14
2.243422850032129788e-14
2.103902346286924510e-14
1.972081237818445461e-14
1.847630890125138195e-14
1.730191217546406158e-14
1.619444229115776865e-14
1.515066319140790152e-14
1.416747133490451903e-14
1.324205670400052611e-14
1.237140524685138759e-14
1.155286537563514461e-14
1.078367347957232747e-14
1.006129850641320555e-14
9.383237014559367883e-15
8.747135175066648944e-15
8.150692009999859930e-15
7.591744558207137427e-15
7.068204042084601247e-15
6.578050660382101689e-15
6.119426022460694659e-15
5.690455003660233238e-15
5.289480624428211530e-15
4.914829583836437569e-15
4.564968250723429649e-15
4.238405172628824003e-15
3.933726797572943118e-15
3.649603179075000044e-15
3.384762085338093379e-15
3.138009462923045182e-15
2.908205913819522434e-15
2.694288609619194456e-15
2.495232786217024640e-15
2.310095200003518600e-15
2.137962425294678293e-15
1.977993416301585978e-15
1.829389777330693068e-15
1.691398019871879122e-15
1.563316155737418331e-15
1.444473727075824266e-15
1.334249914318556265e-15
1.232056675101463639e-15
1.137345141407725756e-15
1.049598049612713760e-15
9.683335662002954992e-16
8.930983746310219018e-16
8.234703890084904673e-16
7.590540868537240585e-16
6.994785474920224901e-16
6.443987398570943060e-16
5.934918027032220835e-16
5.464586238234168787e-16
5.030172323050711317e-16
4.629063189143961813e-16
4.258823938285107337e-16
3.917177982003800821e-16
3.602013624562288860e-16
3.311372956086777151e-16
3.043418469298438228e-16
2.796448160513018777e-16
2.568893624561517934e-16
2.359289667733732766e-16
2.166258868612107437e-16
1.988546999321946281e-16
1.824986173250213918e-16
1.674479135434344500e-16
1.536028647670766378e-16
1.408709946735620138e-16
1.291645472255214017e-16
1.184034485225377082e-16
1.085154582227620682e-16
9.943108796581401683e-17
9.108638409735207424e-17
8.342415907122451642e-17
7.639045299550864223e-17
6.993439099070128003e-17
6.401096276417713261e-17
5.857762273232490224e-17
5.359326878544804018e-17
4.902275394992147823e-17
4.483350656542204853e-17
4.099348722688626183e-17
3.747419504659842489e-17
3.425049726873750479e-17
3.129828804455595070e-17
2.859605272145957895e-17
2.612355590686838355e-17
2.386147101896427395e-17
2.179211246605590750e-17
1.989980162124775268e-17
1.817027290804090540e-17
1.658925092117250016e-17
1.514363964735291087e-17
1.382224286781037099e-17
1.261484168555834027e-17
1.151186270473971459e-17
1.050423644353688765e-17
9.583612736598884795e-18
8.742769132102720294e-18
7.975286604178309171e-18
7.274903393442843223e-18
6.635316875089771150e-18
6.051082284032411541e-18
5.518009703735347552e-18
5.032445732142865277e-18
4.590130002873587559e-18
4.186461956782340907e-18
3.817428645651023694e-18
3.480310654222189256e-18
3.172966599400315297e-18
2.892682123616203240e-18
2.636741493624092361e-18
2.403343929828184193e-18
2.190950256007658965e-18
1.997594476200477150e-18
1.820970485457632260e-18
