# bin_4_1
3.146552913409175519e-12
3.152136362658027299e-12
3.157935034884735747e-12
3.163957034840435896e-12
3.170210758344734241e-12
3.176704901070023539e-12
3.183448467760456774e-12
3.190450782066114091e-12
3.197721496701769867e-12
3.205270603387694446e-12
3.213108443250455145e-12
3.221245717482980621e-12
3.229693498423120057e-12
3.238463240464002369e-12
3.247566790908053824e-12
3.257016400993498171e-12
3.266824736856936056e-12
3.277004889940075639e-12
3.287570389330993081e-12
3.298535212243884063e-12
3.309913796325733747e-12
3.321721049316787494e-12
3.333972360485715780e-12
3.346683611605290368e-12
3.359871188491750154e-12
3.373551990803310067e-12
3.387743443141430976e-12
3.402463505891839103e-12
3.417730684361645062e-12
3.433564041389123007e-12
3.449983205204142641e-12
3.467008380836056952e-12
3.484660356825191652e-12
3.502960510659937275e-12
3.521930813635555992e-12
3.541593831228230820e-12
3.561972726333925648e-12
3.583091267559417657e-12
3.604973834821140377e-12
3.627645416927605775e-12
3.651131609762505676e-12
3.675458625907721858e-12
3.700653291519652953e-12
3.726743027020682744e-12
3.753755839446810337e-12
3.781720319462133186e-12
3.810665602749048173e-12
3.840621340991684676e-12
3.871617708353860485e-12
3.903685372834682339e-12
3.936855458111221255e-12
3.971159535498545580e-12
4.006629557051540649e-12
4.043297787296838184e-12
4.081196785743642903e-12
4.120359349487813695e-12
4.160818430936673575e-12
4.202607099244979531e-12
4.245758396727891359e-12
4.290305313355477866e-12
4.336280754821362560e-12
4.383717384122981362e-12
4.432647572200209624e-12
4.483103218530560648e-12
4.535115604835372371e-12
4.588715304499523636e-12
4.643931966379990735e-12
4.700794236017702671e-12
4.759329561938120834e-12
4.819564065392416379e-12
4.881522267796793374e-12
4.945226830748516413e-12
5.010698480868312468e-12
5.077955705947220441e-12
5.147014640978340266e-12
5.217888628630073341e-12
5.290587966170091338e-12
5.365119647985352609e-12
5.441487103246435924e-12
5.519689758686621186e-12
5.599722659296493284e-12
5.681575948130628558e-12
5.765234463848118418e-12
5.850677686971362264e-12
5.937879261609709825e-12
6.026806522379326886e-12
6.117419976636847437e-12
6.209672968202445241e-12
6.303511033948327031e-12
6.398871408884933334e-12
6.495682373701716403e-12
6.593863022789441063e-12
6.693322299829464391e-12
6.793958691261615459e-12
6.895659557256497930e-12
6.998300804847478556e-12
7.101746038075075754e-12
7.205846160102838100e-12
7.310438397140746395e-12
7.415345812134423236e-12
7.520376953870873836e-12
7.625325310793551744e-12
7.729969075018733844e-12
7.834070419709469329e-12
7.937375263831013115e-12
8.039612664569380753e-12
8.140495040721980629e-12
8.239717532754661266e-12
8.336957743532659668e-12
8.431875426066354958e-12
8.524112885921617987e-12
8.613294912773877516e-12
8.699028903246904950e-12
8.780905690226326641e-12
8.858500182668361680e-12
8.931372810591880672e-12
8.999069980641922621e-12
9.061126084480128320e-12
9.117065293345070811e-12
9.166404888017212644e-12
9.208657817629545707e-12
9.243336368225779735e-12
9.269955638943849938e-12
9.288038157493507743e-12
9.297119499340542358e-12
9.296754754724956087e-12
9.286525326538316166e-12
9.266045876628789838e-12
9.234972123713734342e-12
9.193008158851834991e-12
9.139913312206778883e-12
9.075511477652597389e-12
8.999701114626188144e-12
8.912466492042126979e-12
8.813889117761222925e-12
8.704157905463321899e-12
8.583574072185949607e-12
8.452552614367795088e-12
8.311621371329461627e-12
8.161418914741831067e-12
8.002694640292873509e-12
7.836307481990628479e-12
7.663222520356236293e-12
7.484498077013138664e-12
7.301266143914218014e-12
7.114705814725640600e-12
6.926016008994756851e-12
6.736389004940902032e-12
6.546984046540077934e-12
6.358899923570476253e-12
6.173144669271279041e-12
5.990604057993903990e-12
5.812009849359052059e-12
5.637909616588645457e-12
5.468643205839391304e-12
5.304328454705292303e-12
5.144857148502757372e-12
4.989907240447315316e-12
4.838977836982451114e-12
4.691437349248767872e-12
4.546589110959817780e-12
4.403747970224375458e-12
4.262321758325606144e-12
4.121889765060080560e-12
3.982262739096074883e-12
3.843514202125960045e-12
3.705972738686391644e-12
3.570181993733588644e-12
3.436828297716878754e-12
3.306649297133926464e-12
3.180335290234708646e-12
3.058430210361160187e-12
2.941255170555278640e-12
2.828866128063045392e-12
2.721063016170415495e-12
2.617455369288867768e-12
2.517580867867793458e-12
2.421037234035628222e-12
2.327597103981609483e-12
2.237261323102155313e-12
2.150236240179618256e-12
2.066833235016297961e-12
1.987340154696472193e-12
1.911887780948949046e-12
1.840388750253046264e-12
1.772553652109374218e-12
1.707989610861233082e-12
1.646322918923688002e-12
1.587298969109496130e-12
1.530799950864092610e-12
1.476785458972852408e-12
1.425196040587865389e-12
1.375898761651378038e-12
1.328686468912498629e-12
1.283352616240314106e-12
1.239746929788033280e-12
1.197802043263092909e-12
1.157499947990793879e-12
1.118821972255309918e-12
1.081714037863392147e-12
1.046082160227150780e-12
1.011811046109479892e-12
9.787849272316688825e-13
9.469055957631525648e-13
9.160898009311051460e-13
8.862793632909183267e-13
8.574240244197583436e-13
8.294897652356234055e-13
8.024313211092745050e-13
7.761958990761634748e-13
7.507287876534030072e-13
7.259850941954958444e-13
7.019302339702048016e-13
6.785355020901924935e-13
6.557728083418122852e-13
6.336156430978484521e-13
6.120337672116338142e-13
5.910081535576073492e-13
5.705171441640815897e-13
5.505447089597578438e-13
5.310774890478535004e-13
5.120959980885051803e-13
4.935900521847404559e-13
4.755471608483537752e-13
4.579576545109176477e-13
4.408119165458376244e-13
4.241013212016198859e-13
4.078191260307570343e-13
3.919577897879970871e-13
3.765121390174616222e-13
3.614766647621558410e-13
3.468462494165115593e-13
3.326166972454977123e-13
3.187835974683374885e-13
3.053428816088930253e-13
2.922905002412135158e-13
2.796226328974939986e-13
2.673353960008752905e-13
2.554250421759297897e-13
2.438876610140476761e-13
2.327192758640915556e-13
2.219157666162101461e-13
2.114729419461388438e-13
2.013864107981422168e-13
1.916516687660455573e-13
1.822639727125990731e-13
1.732183131955910943e-13
1.645095503508386710e-13
1.561321237022214756e-13
1.480803655288707936e-13
1.403482597646531944e-13
1.329296074333745302e-13
1.258179535143493986e-13
1.190066065497472012e-13
1.124886592096714320e-13
1.062569976600061034e-13
1.003043183793030709e-13
9.462315560691077954e-14
8.920591057238604740e-14
8.404484284680955448e-14
7.913213269167184768e-14
7.445985344429493128e-14
7.002003794681990183e-14
6.580468017493078710e-14
6.180577294211564719e-14
5.801533792448407010e-14
5.442543133866189657e-14
5.102817708169545590e-14
4.781577472054933935e-14
4.478052590722934488e-14
4.191484497596154652e-14
3.921129150196767343e-14
3.666256911521340328e-14
3.426155229883431477e-14
3.200128744516196917e-14
2.987500188777068871e-14
2.787612075508817465e-14
2.599826529417528732e-14
2.423526788942402529e-14
2.258116622397558598e-14
2.103021432413936046e-14
1.957687564251976798e-14
1.821582862069069532e-14
1.694196050386016028e-14
1.575037314774246923e-14
1.463637851786395722e-14
1.359549838661548343e-14
1.262345943496196618e-14
1.171618887956660078e-14
1.086981083684278584e-14
1.008063640045806501e-14
9.345167664064820367e-15
8.660083878855525521e-15
8.022241126049837952e-15
7.428662672533154455e-15
6.876534654560289414e-15
6.363194297300704921e-15
5.886128385171576806e-15
5.442966240159780678e-15
5.031471975372838669e-15
4.649540941647726159e-15
4.295194243898717350e-15
3.966572100769571381e-15
3.661924992460781426e-15
3.379616605966210740e-15
3.118109190161583804e-15
2.875960887923057164e-15
2.651821947438332979e-15
2.444429910979536652e-15
2.252601445136178786e-15
2.075230521794787444e-15
1.911285409051733952e-15
1.759800900128831788e-15
1.619875398478070619e-15
1.490669715896252755e-15
1.371401143651983392e-15
1.261338242515846660e-15
1.159803100925715124e-15
1.066164388817890900e-15
9.798335529080778841e-16
9.002647280905139554e-16
8.269510923815977542e-16
7.594207188189716779e-16
6.972353181070773963e-16
6.399890081920645694e-16
5.873036194700569869e-16
5.388282869044189247e-16
4.942388401243468944e-16
4.532346102708009890e-16
4.155360429219976566e-16
3.808856680963182043e-16
3.490454139696363387e-16
3.197939558461195789e-16
2.929283464916768184e-16
2.682611564329655225e-16
2.456180176909791798e-16
2.248386461376431016e-16
2.057755744652525615e-16
1.882915293190945563e-16
1.722601538975974132e-16
1.575651396675238745e-16
1.440990072607684354e-16
1.317624837883927181e-16
1.204634164069160848e-16
1.101165992913885942e-16
1.006435620262494665e-16
9.197231319482896520e-17
8.403612032837130381e-17
7.677379786774667261e-17
7.012991454205462921e-17
6.405377356053318633e-17
5.849847968831435501e-17
5.342059760869666140e-17
4.877969328159566340e-17
4.453817217285111301e-17
4.066190300407703439e-17
3.711984021018836206e-17
3.388363003287375802e-17
3.092732802664346479e-17
2.822714742571375176e-17
2.576134922942397426e-17
2.350978785281482608e-17
2.145348363665906643e-17
1.957488029721593341e-17
1.785842109439780244e-17
1.629043430700670498e-17
1.485847963609256229e-17
1.355118356810872092e-17
1.235821031346060216e-17
1.127001782841115266e-17
1.027752570033734063e-17
9.371961569593919397e-18
8.545382575880788614e-18
7.790916465694107396e-18
7.102511065251272051e-18
6.475063356107238432e-18
5.904052028357970640e-18
5.384683689785367505e-18
4.912126180990215487e-18
4.481702961925087495e-18
4.088844511380084306e-18
3.729741294790464253e-18
3.401256510835396470e-18
3.100905195214358876e-18
2.826954712130462421e-18
2.577637174730388734e-18
2.350490750997793317e-18
2.143305713325840602e-18
1.954820174531317632e-18
1.784563668505504399e-18
1.632171797700400555e-18
1.496895929655054538e-18
1.377515253067008632e-18
1.272765121154938990e-18
1.181555259785080956e-18
1.102319719611840413e-18
1.033546171818487338e-18
9.740843477884399071e-19
9.229389239945575092e-19
8.794195091042809073e-19
