# bin_3_2
1.733555890637970829e-12
1.734601031487352863e-12
1.735686518403295464e-12
1.736813876128802413e-12
1.737984684844963604e-12
1.739200581994225901e-12
1.740463264277525412e-12
1.741774489326431276e-12
1.743136077235406671e-12
1.744549912941320873e-12
1.746017947673402959e-12
1.747542201118830139e-12
1.749124763674884090e-12
1.750767797845991154e-12
1.752473541377551622e-12
1.754244309530887769e-12
1.756082498351043272e-12
1.757990586618142467e-12
1.759971137523872392e-12
1.762026799700723879e-12
1.764160309863545577e-12
1.766374496925044170e-12
1.768672286382414453e-12
1.771056702021987514e-12
1.773530866299515516e-12
1.776097999983996733e-12
1.778761425810513408e-12
1.781524571921043607e-12
1.784390975471235657e-12
1.787364285698839481e-12
1.790448266518340539e-12
1.793646799028719826e-12
1.796963881905658440e-12
1.800403632125962214e-12
1.803970288653531638e-12
1.807668215398440350e-12
1.811501901393456012e-12
1.815475959760711780e-12
1.819595128103394709e-12
1.823864274814491732e-12
1.828288406352926397e-12
1.832872662577733537e-12
1.837622308265257862e-12
1.842542743555187769e-12
1.847639512486602049e-12
1.852918301857257939e-12
1.858384930365100339e-12
1.864045334571007627e-12
1.869905577638535231e-12
1.875971861819673832e-12
1.882250513685419162e-12
1.888747976335562714e-12
1.895470818877049841e-12
1.902425750625416775e-12
1.909619607396236121e-12
1.917059304532684712e-12
1.924751846677752370e-12
1.932704339704612950e-12
1.940923921306407957e-12
1.949417837481325379e-12
1.958193434528861878e-12
1.967258051059349698e-12
1.976619126662574883e-12
1.986284072043719321e-12
1.996260347145879150e-12
2.006555431829207650e-12
2.017176694665640070e-12
2.028131579607019442e-12
2.039427364072417451e-12
2.051071278464822895e-12
2.063070483115993535e-12
2.075431988301690393e-12
2.088162592151516222e-12
2.101268783937173662e-12
2.114756873810525569e-12
2.128632936263398576e-12
2.142902809941608413e-12
2.157571901077556986e-12
2.172645225365101797e-12
2.188127355697394253e-12
2.204022301054567078e-12
2.220333680722632774e-12
2.237064539648086224e-12
2.254217179604240817e-12
2.271793256013692935e-12
2.289793537034781287e-12
2.308217921134274045e-12
2.327065379246562557e-12
2.346334178829255483e-12
2.366021684476210387e-12
2.386124084152183039e-12
2.406636168072970381e-12
2.427551398275553082e-12
2.448862001956371886e-12
2.470558777845443172e-12
2.492630941656298021e-12
2.515066492904609601e-12
2.537851703927685292e-12
2.560971414922111808e-12
2.584407902907295789e-12
2.608141848378646118e-12
2.632151865962906122e-12
2.656415811032775171e-12
2.680908742795949365e-12
2.705603586554525445e-12
2.730470290155032814e-12
2.755477774628469703e-12
2.780592454144647600e-12
2.805778888149636018e-12
2.830999172563657324e-12
2.856213391774579348e-12
2.881379915803064600e-12
2.906455548079452592e-12
2.931394843352427697e-12
2.956150317235431150e-12
2.980672908529726250e-12
3.004912428743318775e-12
3.028818574142294078e-12
3.052341174262520591e-12
3.075429231138687777e-12
3.098031384175621572e-12
3.120096156573438127e-12
3.141572886334901125e-12
3.162409978184944684e-12
3.182556882658158003e-12
3.201963316057779458e-12
3.220581662442192420e-12
3.238364850912172127e-12
3.255265399078578042e-12
3.271237309012373254e-12
3.286232547359503454e-12
3.300204884710973972e-12
3.313103274687561565e-12
3.324875776098463390e-12
3.335466548610146084e-12
3.344817035329773508e-12
3.352863309140787026e-12
3.359532843689737539e-12
3.364747575583975770e-12
3.368420245669769313e-12
3.370455678123054417e-12
3.370748212623288008e-12
3.369181426070738858e-12
3.365630752807384858e-12
3.359965405738908853e-12
3.352051799202619163e-12
3.341753694085737065e-12
3.328937497007338416e-12
3.313478115559016752e-12
3.295263836348599353e-12
3.274201692171086181e-12
3.250218636237703684e-12
3.223268055099303866e-12
3.193329119289127668e-12
3.160411456720535808e-12
3.124552587913142313e-12
3.085818195928918375e-12
3.044301193751727816e-12
3.000124730270467954e-12
2.953437168041110018e-12
2.904414451753145376e-12
2.853260446812143015e-12
2.800210763172591821e-12
2.745531646054357827e-12
2.689518743695090552e-12
2.632492661496989129e-12
2.574791613557129855e-12
2.516763592030812257e-12
2.458750909190637294e-12
2.401086692800788972e-12
2.344081435259112655e-12
2.288025342903932602e-12
2.233176536670297863e-12
2.179757322364298095e-12
2.127940164645677844e-12
2.077839657509766955e-12
2.029504825385072915e-12
1.982919686639296376e-12
1.937999989709853815e-12
1.894603289567786241e-12
1.852526824471608665e-12
1.811525885832228498e-12
1.771317489293512081e-12
1.731618041637146787e-12
1.692153024654307110e-12
1.652691644676612567e-12
1.613056931930296722e-12
1.573156150311975058e-12
1.532985104083148400e-12
1.492647610987128606e-12
1.452332691142539576e-12
1.412306636317180742e-12
1.372878379585985417e-12
1.334368128468992355e-12
1.297060709554434412e-12
1.261181885326950449e-12
1.226845151220564160e-12
1.194082176380407872e-12
1.162782978864879153e-12
1.132802203595785463e-12
1.103892892080815065e-12
1.075844435046837692e-12
1.048456537720899005e-12
1.021585339239288427e-12
9.951718686086168981e-13
9.692016351321246997e-13
9.437295782541691371e-13
9.188060290022840378e-13
8.944934383055161177e-13
8.707803144353774912e-13
8.476634307419738866e-13
8.250429879469125930e-13
8.028715405565968200e-13
7.810645904996592468e-13
7.596162525203234056e-13
7.385340987609695011e-13
7.178610324020297693e-13
6.976077273827263616e-13
6.777671411545909914e-13
6.582830188942353016e-13
6.390957605890665244e-13
6.201554896284125324e-13
6.014649908667295966e-13
5.830517431470511903e-13
5.649646707997607443e-13
5.472121467106606341e-13
5.297785814188529674e-13
5.126193207288839111e-13
4.957228890174634223e-13
4.791073302653390617e-13
4.627965464527363464e-13
4.468102055928494415e-13
4.311369022382641990e-13
4.157692989782083910e-13
4.007091179052972466e-13
3.859666627136991246e-13
3.715480111410880915e-13
3.574551803802873585e-13
3.436864521786184353e-13
3.302474630181223084e-13
3.171383507061474448e-13
3.043633768660715568e-13
2.919221721335839334e-13
2.798154239600616047e-13
2.680471450128820674e-13
2.566144230845866359e-13
2.455182383686471709e-13
2.347570446022908365e-13
2.243294948392899602e-13
2.142327693231476807e-13
2.044651767930955825e-13
1.950224795102527023e-13
1.859021663152358575e-13
1.770999144235547181e-13
1.686108496619736942e-13
1.604315036141981820e-13
1.525554909064351578e-13
1.449791000888783603e-13
1.376961843367430759e-13
1.307011706414999386e-13
1.239879556313743606e-13
1.175499374547943606e-13
1.113805720222934101e-13
1.054730702481719240e-13
9.982050214109681843e-14
9.441568135213327517e-14
8.925192585974477697e-14
8.432144823371149616e-14
7.961776734993786191e-14
7.513316658562116908e-14
7.086082375030909354e-14
6.679371277664297631e-14
6.292458531457531244e-14
5.924670476368404987e-14
5.575287083559304090e-14
5.243629239900416753e-14
4.929008923941009647e-14
4.630760934279800604e-14
4.348215127286598266e-14
4.080739685580426676e-14
3.827686347765861536e-14
3.588445962985292576e-14
3.362412119990784443e-14
3.148990577576297258e-14
2.947622007844999871e-14
2.757740610688639370e-14
2.578815369675828743e-14
2.410318201832287319e-14
2.251741104643129957e-14
2.102593381367239814e-14
1.962399467787095548e-14
1.830700900187027742e-14
1.707057238547157827e-14
1.591043687648688252e-14
1.482251437427598616e-14
1.380291242656539078e-14
1.284785097135516574e-14
1.195376292761814954e-14
1.111720504523517675e-14
1.033489911356974245e-14
9.603726528395426344e-15
8.920689468749046765e-15
8.282952349475971330e-15
7.687805615964057230e-15
7.132678019858990454e-15
6.615132154373292095e-15
6.132849409466895255e-15
5.683641487632826352e-15
5.265428279162376806e-15
4.876249987967603521e-15
4.514247938447788290e-15
4.177672101425290531e-15
3.864870735189214493e-15
3.574285110733347224e-15
3.304451060249418974e-15
3.053986584801334429e-15
2.821596449302264939e-15
2.606059425801493422e-15
2.406234587789180252e-15
2.221043620213111597e-15
2.049481885686614258e-15
1.890603834926366239e-15
1.743525369482927708e-15
1.607421262169648093e-15
1.481512781986966459e-15
1.365080816211773120e-15
1.257443305368849837e-15
1.157971512965072043e-15
1.066076404991137558e-15
9.812074636160501228e-16
9.028522631230425942e-16
8.305355145098013416e-16
7.638123799347180585e-16
7.022672009252576002e-16
6.455184398603195256e-16
5.932055039764956234e-16
5.449971685267692236e-16
5.005824633471843416e-16
4.596773788669591660e-16
4.220118444653322566e-16
3.873383376963656255e-16
3.554309479419521889e-16
3.260745331426279485e-16
2.990722673828302751e-16
2.742434248777795315e-16
2.514190358168644096e-16
2.304408123619752310e-16
2.111671742328101182e-16
1.934632689829840485e-16
1.772042275477483979e-16
1.622766892437243755e-16
1.485759163884419443e-16
1.360029636403351454e-16
1.244669399425296715e-16
1.138867710650138949e-16
1.041842254381290227e-16
9.528891304073931603e-17
8.713632142129889598e-17
7.966510587153407251e-17
7.281921720057583633e-17
6.655023765009663672e-17
6.081220571084299900e-17
5.556147335674969857e-17
5.075722972994134905e-17
4.636205020011046037e-17
4.234259828000103159e-17
3.866717939015632687e-17
3.530667441179396586e-17
3.223434823834811565e-17
2.942551367735695945e-17
2.685861728729858947e-17
2.451343603412134205e-17
2.237077007485195179e-17
2.041354769255261227e-17
1.862620434000970430e-17
1.699468241290788970e-17
1.550571360150190780e-17
1.414659747669852370e-17
1.290590350987520179e-17
1.177378481573700318e-17
1.074130929354028606e-17
9.799730983583150345e-18
8.940192594985842775e-18
8.154962491761422465e-18
7.437953765207895366e-18
6.783543224066646319e-18
6.186358146691605964e-18
5.641292559665664801e-18
5.143753982562543664e-18
4.690074019778385104e-18
4.276324252141133576e-18
3.898549220888844674e-18
3.553446553966805302e-18
3.238353714090465234e-18
2.951361639567851968e-18
2.690517962736784003e-18
2.453453976656488971e-18
2.237955288891959128e-18
2.042166347184213136e-18
1.864558084301989041e-18
