# bin_3_3
2.768911335380174517e-12
2.769581713558940401e-12
2.770278105105391355e-12
2.771001504694427150e-12
2.771752943502766359e-12
2.772533490023851737e-12
2.773344251309059772e-12
2.774186374361514960e-12
2.775061048283255192e-12
2.775969506527974946e-12
2.776913029143380261e-12
2.777892944611429316e-12
2.778910630812510395e-12
2.779967515765023338e-12
2.781065078561861495e-12
2.782204851006666256e-12
2.783388420262261868e-12
2.784617431613063863e-12
2.785893590466725684e-12
2.787218663255087003e-12
2.788594478324609421e-12
2.790022927552870749e-12
2.791505968675844937e-12
2.793045627701121129e-12
2.794644001992862052e-12
2.796303264065203812e-12
2.798025664164589370e-12
2.799813530062961268e-12
2.801669266733629620e-12
2.803595359993851597e-12
2.805594382752611416e-12
2.807668999080392980e-12
2.809821965401955736e-12
2.812056131930527734e-12
2.814374444409156918e-12
2.816779946512457510e-12
2.819275786383395909e-12
2.821865216955087377e-12
2.824551580115523021e-12
2.827338305564515243e-12
2.830228939116158587e-12
2.833227153756338239e-12
2.836336737385866588e-12
2.839561597732700550e-12
2.842905766111271461e-12
2.846373392922635471e-12
2.849968755885587067e-12
2.853696251145289420e-12
2.857560371818019964e-12
2.861565755913732974e-12
2.865717245461627584e-12
2.870019856628935599e-12
2.874478719399014828e-12
2.879099022523364663e-12
2.883886109292634964e-12
2.888845559683941574e-12
2.893983073016228143e-12
2.899304414543078455e-12
2.904815490595138960e-12
2.910522350983796180e-12
2.916431235440440062e-12
2.922548603982641906e-12
2.928881018164096339e-12
2.935435061031232011e-12
2.942217483331410905e-12
2.949235125017391064e-12
2.956494878287156022e-12
2.964003815098768509e-12
2.971769166140071586e-12
2.979798578207509017e-12
2.988099685633391805e-12
2.996680125615712961e-12
3.005547530024648488e-12
3.014709496913212672e-12
3.024173656589553115e-12
3.033947795922145341e-12
3.044040121416936409e-12
3.054458737738940865e-12
3.065211711977398963e-12
3.076306784204965621e-12
3.087751629277313157e-12
3.099553731047494623e-12
3.111721078834341009e-12
3.124261817836431821e-12
3.137183547425600875e-12
3.150493269299913051e-12
3.164197651401079212e-12
3.178303207779563512e-12
3.192816204007362455e-12
3.207743095052467152e-12
3.223090096926713639e-12
3.238862651437572160e-12
3.255065832977052952e-12
3.271704723032242927e-12
3.288783669207598036e-12
3.306305963215583090e-12
3.324274405999705819e-12
3.342690617711176585e-12
3.361556109285100596e-12
3.380871551944220173e-12
3.400636686369430747e-12
3.420849500037844748e-12
3.441507361630883225e-12
3.462606201832615166e-12
3.484141971345215216e-12
3.506108411643245443e-12
3.528498049498840676e-12
3.551302433409094490e-12
3.574511857744100176e-12
3.598114593487690374e-12
3.622095688814834703e-12
3.646439631502374450e-12
3.671129137433700985e-12
3.696147509609420112e-12
3.721475170294367054e-12
3.747089339583131146e-12
3.772963496732339425e-12
3.799068916537529221e-12
3.825375764972065996e-12
3.851853466685597685e-12
3.878467403818838681e-12
3.905181118580666037e-12
3.931957102504135906e-12
3.958754892148712900e-12
3.985529591332873490e-12
4.012234855609667629e-12
4.038821476337305879e-12
4.065238333022373604e-12
4.091428361614940099e-12
4.117332502421625381e-12
4.142887313658672833e-12
4.168030491540187039e-12
4.192694024210049665e-12
4.216802713594762147e-12
4.240277502153769857e-12
4.263031614542097274e-12
4.284978180252254325e-12
4.306021485237181512e-12
4.326064953410434441e-12
4.345003229619506461e-12
4.362724313142502321e-12
4.379110007429143652e-12
4.394037154037891547e-12
4.407376149397814075e-12
4.418988730233650502e-12
4.428733993619010553e-12
4.436466453779522664e-12
4.442036929140076291e-12
4.445293435008650639e-12
4.446085968084297308e-12
4.444266977544207913e-12
4.439691685387935470e-12
4.432220671067623209e-12
4.421723240025218545e-12
4.408079843895294643e-12
4.391186057916722827e-12
4.370949022304330983e-12
4.347295644044336928e-12
4.320172025923111870e-12
4.289554406380532122e-12
4.255440766206113594e-12
4.217849602326616339e-12
4.176828306785503033e-12
4.132460725109564230e-12
4.084860717210220491e-12
4.034178781443125252e-12
3.980605820006487905e-12
3.924380441463677572e-12
3.865788917725811675e-12
3.805159362740809270e-12
3.742851477308845664e-12
3.679239407431660465e-12
3.614705970474934462e-12
3.549648201571523708e-12
3.484485293249647554e-12
3.419633464043913246e-12
3.355499698194726194e-12
3.292457586507689125e-12
3.230821807326047869e-12
3.170837023053922451e-12
3.112681792576882243e-12
3.056467807611959691e-12
3.002233920870592472e-12
2.949922331433494296e-12
2.899391708123135758e-12
2.850407846326863433e-12
2.802667270911927863e-12
2.755786606325725975e-12
2.709345346972548143e-12
2.662914386365138611e-12
2.616094057764012881e-12
2.568545802264054724e-12
2.520039474286417714e-12
2.470492206690992450e-12
2.419987067258812465e-12
2.368780729591587436e-12
2.317269432960526865e-12
2.265950829388868995e-12
2.215352081485502558e-12
2.165967211770363606e-12
2.118174218672264674e-12
2.072148530117260536e-12
2.027915458955566933e-12
1.985249612460673808e-12
1.943866365453429996e-12
1.903353383848518117e-12
1.863344219681202842e-12
1.823559231544459049e-12
1.783862977956672216e-12
1.744300173482325978e-12
1.705027625397584178e-12
1.666254242624171966e-12
1.628108119087354931e-12
1.590606436433156112e-12
1.553565482720333966e-12
1.516788740613307009e-12
1.480050914517051107e-12
1.443342263798777243e-12
1.406813831776504227e-12
1.370717440836781336e-12
1.335253746757970334e-12
1.300453556847365978e-12
1.266135684722486264e-12
1.232050097012661697e-12
1.198006468950762190e-12
1.164026016167577633e-12
1.130291015350714203e-12
1.097024537472394764e-12
1.064297283579464060e-12
1.032032965682378780e-12
1.000074073855252036e-12
9.683944019471260024e-13
9.370550993666412208e-13
9.061793087575576225e-13
8.757918800719388256e-13
8.459031840097598554e-13
8.164861645495080832e-13
7.875581251544093936e-13
7.591499034525438286e-13
7.312802459727957934e-13
7.039699723253538621e-13
6.772230508034475970e-13
6.510651561791010718e-13
6.254860806947067009e-13
6.005077397002443276e-13
5.761412860727694675e-13
5.523920951563585319e-13
5.292672492100940657e-13
5.067748142111967947e-13
4.849202122022532882e-13
4.637020331956761165e-13
4.431240849924248648e-13
4.231835756102201488e-13
4.038803174536887032e-13
3.852087479718153551e-13
3.671670186640810418e-13
3.497471270499690928e-13
3.329421531647274128e-13
3.167448255626767676e-13
3.011448423774023070e-13
2.861371227011145119e-13
2.717089101783810318e-13
2.578528304964076906e-13
2.445558978253180630e-13
2.318067808736114740e-13
2.195923296743507194e-13
2.078997413728016462e-13
1.967152468843513985e-13
1.860250338072440354e-13
1.758153447766306907e-13
1.660707856151545639e-13
1.567781424969382528e-13
1.479214062345646490e-13
1.394875605052716494e-13
1.314616849871160920e-13
1.238300127151209760e-13
1.165784805397396311e-13
1.096928222446238931e-13
1.031592820969195035e-13
9.696380182728272407e-14
9.109302369411749714e-14
8.553333859120117272e-14
8.027201363895248610e-14
7.529585412399833856e-14
7.059266925655403575e-14
6.614997029590584651e-14
6.195601332198930538e-14
5.799951303667152909e-14
5.426915102992460552e-14
5.075449110639503099e-14
4.744487929542142574e-14
4.433037275490325927e-14
4.140109341791413914e-14
3.864769203168486678e-14
3.606103976167920914e-14
3.363246220512931503e-14
3.135354551204181268e-14
2.921624669778559605e-14
2.721288666876966505e-14
2.533600218998441951e-14
2.357863218383297960e-14
2.193396765678461533e-14
2.039566861372556189e-14
1.895756590321772110e-14
1.761385124068836734e-14
1.635894909746210102e-14
1.518756091821170917e-14
1.409466181589599829e-14
1.307547069504735070e-14
1.212547207201981584e-14
1.124036847268823083e-14
1.041611253018768490e-14
9.648853016626695125e-15
8.934971430895419304e-15
8.271035538248080748e-15
7.653818250540386792e-15
7.080275308714970832e-15
6.547535452579156198e-15
6.052897663274344515e-15
5.593820550734357467e-15
5.167918088064153599e-15
4.772941666342270796e-15
4.406783812823292450e-15
4.067471348332017867e-15
3.753148638416574041e-15
3.462083274903128911e-15
3.192657086868430294e-15
2.943344236926055418e-15
2.712723010476784258e-15
2.499464882642292068e-15
2.302330884965023012e-15
2.120156394706076718e-15
1.951865080939997189e-15
1.796451284684893849e-15
1.652969439493894670e-15
1.520546735945247080e-15
1.398373695618280391e-15
1.285685459025156086e-15
1.181774395908739235e-15
1.085996371261398802e-15
9.977340975054632515e-16
9.164176200960673273e-16
8.415255636841642320e-16
7.725701168709226025e-16
7.090912099458716483e-16
6.506738897720329739e-16
5.969338364565038843e-16
5.475006830106239423e-16
5.020433577975717993e-16
4.602594966646297296e-16
4.218564837549281696e-16
3.865662440286351125e-16
3.541538531257965449e-16
3.243891514854221132e-16
2.970594463694174091e-16
2.719784355434535939e-16
2.489638300892734730e-16
2.278447854979063698e-16
2.084737344150373105e-16
1.907127600156399985e-16
1.744246820854532761e-16
1.594926462662937209e-16
1.458116365861091504e-16
1.332792757551250721e-16
1.218020948941175309e-16
1.112962455988401295e-16
1.016810343477838119e-16
9.288311812291231485e-17
8.483755247474856088e-17
7.748057234221497457e-17
7.075244799374508876e-17
6.460033107145337069e-17
5.897572911630153768e-17
5.383441203523458425e-17
4.913596785872439631e-17
4.484246322600438724e-17
4.091914557910297632e-17
3.733570270725725649e-17
3.406465195406258549e-17
3.107810654897039440e-17
2.834996163934725037e-17
2.585868729822977845e-17
2.358618332190423491e-17
2.151554130669465780e-17
1.962856019315347545e-17
1.790592232637047772e-17
1.633176546141903364e-17
1.489423334885054688e-17
1.358191162565532235e-17
1.238288957704141047e-17
1.128821703104443680e-17
1.029072326962729697e-17
9.382349171945600735e-18
8.554289580631106818e-18
7.797715890861503224e-18
7.105092889724156835e-18
6.471079209793019899e-18
5.891821460631209368e-18
5.364172505876635365e-18
4.884010972863707554e-18
