# bin_2_2
2.792937507211761430e-11
2.795012153639119078e-11
2.797165259061947030e-11
2.799399663407750361e-11
2.801718314379139051e-11
2.804124262947976147e-11
2.806620668228564035e-11
2.809210779766057680e-11
2.811897925625825402e-11
2.814685521295412493e-11
2.817577078781342720e-11
2.820576233390354037e-11
2.823686772579019469e-11
2.826912622452711297e-11
2.830257836832726791e-11
2.833726548720562336e-11
2.837322966992911352e-11
2.841051407186312009e-11
2.844916351819577741e-11
2.848922485391113937e-11
2.853074654649523918e-11
2.857377788635295236e-11
2.861836864660723530e-11
2.866456968752738857e-11
2.871243420837382709e-11
2.876201780094400796e-11
2.881337729182237272e-11
2.886656924739563621e-11
2.892165099360084539e-11
2.897868299347566662e-11
2.903772870911306311e-11
2.909885185409128338e-11
2.916211532554772107e-11
2.922758422940587672e-11
2.929532774466914170e-11
2.936541606003830812e-11
2.943791791385528883e-11
2.951290403083723454e-11
2.959044952318973939e-11
2.967062981594372642e-11
2.975351903259897757e-11
2.983919505041636537e-11
2.992773910781974278e-11
3.001923026135510576e-11
3.011374936282181106e-11
3.021138280091050781e-11
3.031221486958737893e-11
3.041632830618343371e-11
3.052381245104096517e-11
3.063475569465016148e-11
3.074924235632496637e-11
3.086736460028715091e-11
3.098921466617060392e-11
3.111487979691524546e-11
3.124445691177622562e-11
3.137803985561193272e-11
3.151571893835748168e-11
3.165759542631050704e-11
3.180376065655160059e-11
3.195430959029410498e-11
3.210934385310787950e-11
3.226895349606533664e-11
3.243324255099134113e-11
3.260230877287326205e-11
3.277624963680157119e-11
3.295517046488501564e-11
3.313916361013966071e-11
3.332833256096239674e-11
3.352277301763109208e-11
3.372258512980377993e-11
3.392786834798903180e-11
3.413872128148190087e-11
3.435524290480750444e-11
3.457752514487632657e-11
3.480566653146970175e-11
3.503975853778010655e-11
3.527990137603652066e-11
3.552618686306642920e-11
3.577871189802550151e-11
3.603756763618092899e-11
3.630284464000613863e-11
3.657463052887727940e-11
3.685301434765147671e-11
3.713808152998239690e-11
3.742991109454029516e-11
3.772858423411016134e-11
3.803417120489092587e-11
3.834674370029839849e-11
3.866636224007873689e-11
3.899308018234273789e-11
3.932694439986955281e-11
3.966799304108504179e-11
4.001626165003171713e-11
4.037176884995744895e-11
4.073452874033907630e-11
4.110453340354135275e-11
4.148177049386028376e-11
4.186620610702552015e-11
4.225778725873931044e-11
4.265643622184827847e-11
4.306205246744333118e-11
4.347452611723603827e-11
4.389371208843606389e-11
4.431944808040363555e-11
4.475151308141726313e-11
4.518967395581125591e-11
4.563363423126224365e-11
4.608309080473908388e-11
4.653768260947720372e-11
4.699701143045423702e-11
4.746062454826983257e-11
4.792799876311966555e-11
4.839860280110976314e-11
4.887180875569909391e-11
4.934698330273273627e-11
4.982338134633201385e-11
5.030026050103291782e-11
5.077676259725285897e-11
5.125201131142055817e-11
5.172501238298543937e-11
5.219471941573245182e-11
5.266004114920479035e-11
5.311976052844579182e-11
5.357261341619060506e-11
5.401720472587430324e-11
5.445209684779042972e-11
5.487576493809915386e-11
5.528659668924557326e-11
5.568289156347327829e-11
5.606285571971165142e-11
5.642456658350330139e-11
5.676604199150191905e-11
5.708516745798731470e-11
5.737977979480086811e-11
5.764761506526046838e-11
5.788632416541212534e-11
5.809349816983234801e-11
5.826663388037516089e-11
5.840319926827219047e-11
5.850064715764805894e-11
5.855643912419211712e-11
5.856799520092303391e-11
5.853279550671050775e-11
5.844836654553995009e-11
5.831235061928445902e-11
5.812251983863205131e-11
5.787683955374856699e-11
5.757349901237145382e-11
5.721099266194486758e-11
5.678815812897375704e-11
5.630419758531885777e-11
5.575872449987048838e-11
5.515182242269389088e-11
5.448414678142760290e-11
5.375694478384583885e-11
5.297209836711259971e-11
5.213217802499364568e-11
5.124051106760087018e-11
5.030120102997034853e-11
4.931909731935342504e-11
4.829976010174644750e-11
4.724935588816408403e-11
4.617457269380103130e-11
4.508248664250056748e-11
4.398049536349249476e-11
4.287610952096443185e-11
4.177681870528495928e-11
4.068986661160444353e-11
3.962201405960464515e-11
3.857928740545841603e-11
3.756681884542524189e-11
3.658860680543546531e-11
3.564737872704777526e-11
3.474441068288165654e-11
3.387948435650567680e-11
3.305083584870519838e-11
3.225517995684842687e-11
3.148775817065082174e-11
3.074260726499735928e-11
3.001287202721241843e-11
2.929135199995176658e-11
2.857098056428392629e-11
2.784560947790851469e-11
2.711063707480903842e-11
2.636369791047379852e-11
2.560498003727746280e-11
2.483749835540570628e-11
2.406682662024658724e-11
2.330065704589928373e-11
2.254784239319762606e-11
2.181737091679670334e-11
2.111695438254402058e-11
2.045229362974878529e-11
1.982597432911033100e-11
1.923765680295655759e-11
1.868372952747021387e-11
1.815860125630972453e-11
1.765546216449699253e-11
1.716774100460590511e-11
1.669040605499041568e-11
1.622047839559151331e-11
1.575769651798121075e-11
1.530353967100910906e-11
1.486067604142592902e-11
1.443137010667319860e-11
1.401710595703487901e-11
1.361738987450320729e-11
1.323099799425242773e-11
1.285557193080574830e-11
1.248952631445118769e-11
1.213172584817100559e-11
1.178204623750552785e-11
1.144074486863405917e-11
1.110791914707488428e-11
1.078338713189668794e-11
1.046633594462590621e-11
1.015591559998817682e-11
9.851479773793691791e-12
9.552652837442559936e-12
9.259614644105904573e-12
8.972369593083290441e-12
8.690954652312043824e-12
8.415174826943860642e-12
8.144648640479200085e-12
7.879366690756622476e-12
7.619031149922093114e-12
7.363938464877978809e-12
7.113982472233787832e-12
6.869221519879500944e-12
6.629668165168041290e-12
6.395178342067370718e-12
6.165754087946297861e-12
5.941390622485648766e-12
5.722106980258930406e-12
5.507918848941302079e-12
5.298801023859921140e-12
5.094750950740966036e-12
4.895756268937206360e-12
4.701835511862334141e-12
4.513002110442861455e-12
4.329219919849134978e-12
4.150507557777288284e-12
3.976842317640395543e-12
3.808199888665331285e-12
3.644556166036711863e-12
3.485875696384619349e-12
3.332119306316552442e-12
3.183241057610996531e-12
3.039191130321359450e-12
2.899912857370574207e-12
2.765351006983660030e-12
2.635439395877159750e-12
2.510118163499197386e-12
2.389316974649497192e-12
2.272961711986158291e-12
2.160977994407127344e-12
2.053278855755599093e-12
1.949781238365208005e-12
1.850390732665439690e-12
1.755016041319556625e-12
1.663559615750635641e-12
1.575925323530589835e-12
1.492012086968661881e-12
1.411722184646644533e-12
1.334953544068895602e-12
1.261606462579619659e-12
1.191581564896672775e-12
1.124776177458443983e-12
1.061092710202472957e-12
1.000427669290198293e-12
9.426824763489449716e-13
8.877557545784794418e-13
8.355480108698825509e-13
7.859605220171647144e-13
7.388955966775298085e-13
6.942568135935767844e-13
6.519494432841260082e-13
6.118802663041226195e-13
5.739576242570310107e-13
5.380925281494784954e-13
5.041968835562217846e-13
4.721855751452127083e-13
4.419747025706038763e-13
4.134826772605418875e-13
3.866300946575418281e-13
3.613392458391581530e-13
3.375352107218263431e-13
3.151449768668532942e-13
2.940981407994196108e-13
2.743265352995933194e-13
2.557644551461503536e-13
2.383485100195321631e-13
2.220177592003391437e-13
2.067136363801349414e-13
1.923798755296277950e-13
1.789626970617165036e-13
1.664104069254545917e-13
1.546737924122721742e-13
1.437056758977173265e-13
1.334611668798668006e-13
1.238974804522115796e-13
1.149738986893262543e-13
1.066518009813637001e-13
9.889441455620947519e-14
9.166696189358100422e-14
8.493638140113189905e-14
7.867142745448673254e-14
7.284251797272788868e-14
6.742169333363688960e-14
6.238260098644654948e-14
5.770035222362281464e-14
5.335152059688433894e-14
4.931404582826562212e-14
4.556717133450831306e-14
4.209138679415257484e-14
3.886836949437326602e-14
3.588091827309270827e-14
3.311288333294525988e-14
3.054913497653230725e-14
2.817545849430315575e-14
2.597856537408177267e-14
2.394598061037171534e-14
2.206606865332259722e-14
2.032795351972211533e-14
1.872145919276914678e-14
1.723713673464171484e-14
1.586613495514448028e-14
1.460022137113486651e-14
1.343172066466924437e-14
1.235349830785689722e-14
1.135887170813458496e-14
1.044166366772214469e-14
9.596095028269465557e-15
8.816800574874694085e-15
8.098782158889594495e-15
7.437406630478069537e-15
6.828381295909488485e-15
6.267695052508880372e-15
5.751670932488675969e-15
5.276872174610102044e-15
4.840118158464520689e-15
4.438477868375575141e-15
4.069234193158577857e-15
3.729861034378485719e-15
3.418032062883624705e-15
3.131592424678615334e-15
2.868541649630893920e-15
2.627029968368306711e-15
2.405342878241476030e-15
2.201890500684503166e-15
2.015201926044373482e-15
1.843931758512106615e-15
1.686846430670102668e-15
1.542818749423483806e-15
1.410819078223409200e-15
1.289891489261437921e-15
1.179129927590251906e-15
1.077700275787734894e-15
9.848445735616762319e-16
8.998649232542613612e-16
8.221162158720316214e-16
7.509924131466422617e-16
6.859391138297351231e-16
6.264417738099720214e-16
5.720324962139059578e-16
5.222890083684637093e-16
4.768157575820487325e-16
4.352546636707385802e-16
3.972777766612919844e-16
3.625813149855684078e-16
3.308908671033328608e-16
3.019531312323353672e-16
2.755365175383533053e-16
2.514247084497350270e-16
2.294244837232755322e-16
2.093548785534630945e-16
1.910423041954993340e-16
1.743281401897614565e-16
1.590634250749570108e-16
1.451220170712640929e-16
1.323898255843133150e-16
1.207632519421782807e-16
1.101497518740052912e-16
1.004616730544653496e-16
9.162130017699650972e-17
8.354855005172954060e-17
7.617022432651433805e-17
6.942504767428094967e-17
6.325887353178054803e-17
5.763052594202293710e-17
5.250076610618739083e-17
4.783612510950528219e-17
4.359974479720419173e-17
3.975267048200209155e-17
3.625974825705559164e-17
3.308327282019702881e-17
3.019215766797952674e-17
2.755577109004674022e-17
2.515852623174962179e-17
2.298633255429344373e-17
