# bin_1_1
8.204279130067617440e-10
8.213432137278980956e-10
8.222890021498822743e-10
8.232660842730004975e-10
8.242751393831274037e-10
8.253167027684884991e-10
8.263912192553861090e-10
8.274990706866446734e-10
8.286406855287476984e-10
8.298166592161937866e-10
8.310276504266688063e-10
8.322743130181717757e-10
8.335573004047631845e-10
8.348771514867618568e-10
8.362342740251732669e-10
8.376290654470531775e-10
8.390620965492483051e-10
8.405340666161863281e-10
8.420458201454668390e-10
8.435988267322139137e-10
8.451948453986566232e-10
8.468352884250080489e-10
8.485204157491079667e-10
8.502502060671904986e-10
8.520259486592905204e-10
8.538513321419279824e-10
8.557299721291324687e-10
8.576620110284418998e-10
8.596455810725286702e-10
8.616817492089240693e-10
8.637763265373019916e-10
8.659334106145317279e-10
8.681502652888339826e-10
8.704238102805188594e-10
8.727565985312391257e-10
8.751519960873368947e-10
8.776092591213553570e-10
8.801268547696896426e-10
8.827040643164921556e-10
8.853407641711012930e-10
8.880413948014503654e-10
8.908106128311143367e-10
8.936495009015590971e-10
8.965637858932197768e-10
8.995654932861796033e-10
9.026639119407442937e-10
9.058647045889448815e-10
9.091731877415384525e-10
9.125997180245316305e-10
9.161498437005025845e-10
9.198144606261011390e-10
9.235942344826615560e-10
9.274890574458852848e-10
9.314823235891387131e-10
9.355731740431562262e-10
9.397613135886975621e-10
9.440384840579330498e-10
9.484058772730279726e-10
9.528664044521471654e-10
9.574212018705049237e-10
9.620655354007797926e-10
9.668044935179110043e-10
9.716429119752143526e-10
9.765902163746633997e-10
9.816718307569460164e-10
9.869018037896619353e-10
9.923083583881498544e-10
9.979023303933457593e-10
1.003682730890288862e-09
1.009662764856640520e-09
1.015818149419325148e-09
1.022146698191840064e-09
1.028631198242171471e-09
1.035243504632665670e-09
1.041979531646862346e-09
1.048827246889464998e-09
1.055798546698475848e-09
1.062915780587786380e-09
1.070199859705638972e-09
1.077672609658354251e-09
1.085345091566488202e-09
1.093219702629984137e-09
1.101278845289231632e-09
1.109510368243856911e-09
1.117897653018777770e-09
1.126429488110010184e-09
1.135097551339560255e-09
1.143888992358001498e-09
1.152786565888417629e-09
1.161786391410719750e-09
1.170881539463474761e-09
1.180090505046832983e-09
1.189412755364382883e-09
1.198857558242888076e-09
1.208376386059645087e-09
1.217940903969487674e-09
1.227491899287566351e-09
1.237012116407696446e-09
1.246489562492939775e-09
1.255921981464259272e-09
1.265307408598477167e-09
1.274619070791657426e-09
1.283822022442209318e-09
1.292863333360146787e-09
1.301688320615946024e-09
1.310271587327118171e-09
1.318583278970504598e-09
1.326602112421418049e-09
1.334291069151019002e-09
1.341615352340549866e-09
1.348519628382603014e-09
1.354951708725099534e-09
1.360851848865760721e-09
1.366193358867683513e-09
1.370937237496976419e-09
1.375053711146988600e-09
1.378474156862717163e-09
1.381143367570547761e-09
1.383008362718281031e-09
1.384038653700418416e-09
1.384191178960104762e-09
1.383419954037274751e-09
1.381674446667247558e-09
1.378900959115512522e-09
1.375067578423094791e-09
1.370140205859207153e-09
1.364084466079005663e-09
1.356863642707886876e-09
1.348438449500839380e-09
1.338798934790595175e-09
1.327923342925665749e-09
1.315800682173135896e-09
1.302418895095208153e-09
1.287779301548292121e-09
1.271896714085487798e-09
1.254789069909095084e-09
1.236477049528697866e-09
1.217004459270806014e-09
1.196415331496288014e-09
1.174771677076951653e-09
1.152136579663024175e-09
1.128591513671799559e-09
1.104225072374830970e-09
1.079135519003183831e-09
1.053428225725278375e-09
1.027218886541888435e-09
1.000624380411082372e-09
9.737668575535379727e-10
9.467662804170113207e-10
9.197448818386295564e-10
8.928175748781984578e-10
8.660963212106116892e-10
8.396856367380581687e-10
8.136796865438683718e-10
7.881618818268552614e-10
7.632017448252967963e-10
7.388552841568800893e-10
7.151611465191922332e-10
6.921449028128039547e-10
6.698143436847688731e-10
6.481649227772478019e-10
6.271749160540786241e-10
6.068109480182253745e-10
5.870272295869452461e-10
5.677703848331826446e-10
5.489826132253987327e-10
5.306050023242168925e-10
5.125832066174171781e-10
4.948711052112342478e-10
4.774364946645443026e-10
4.602635249572576210e-10
4.433557429626897464e-10
4.267349374614846158e-10
4.104405964275871731e-10
3.945241876754974712e-10
3.790450145062945860e-10
3.640635538410134604e-10
3.496358776179144240e-10
3.358085291043854618e-10
3.226136529893633298e-10
3.100659688900055947e-10
2.981601035777213921e-10
2.868713929600445236e-10
2.761581511847081173e-10
2.659677968616699674e-10
2.562448870100658790e-10
2.469400257316402540e-10
2.380158425376211145e-10
2.294504982499620482e-10
2.212346417162713881e-10
2.133648695423339505e-10
2.058349401416928435e-10
1.986315900015948206e-10
1.917333950694926275e-10
1.851161266944270448e-10
1.787584577365517250e-10
1.726458595952517706e-10
1.667707669497655990e-10
1.611287078306630949e-10
1.557129954218034098e-10
1.505118912504879367e-10
1.455092341634899804e-10
1.406870855988013171e-10
1.360300188058891307e-10
1.315256789202433783e-10
1.271672255077963612e-10
1.229492432746169664e-10
1.188679055557621531e-10
1.149162084500350157e-10
1.110857831145035262e-10
1.073684988253429779e-10
1.037581578736665229e-10
1.002508298423405422e-10
9.684287346897739863e-11
9.352995756713023400e-11
9.030801408665121471e-11
8.717227642684263465e-11
8.412066100394587418e-11
8.114969803899253707e-11
7.825693251432935928e-11
7.544030610666880022e-11
7.269691308213691516e-11
7.002527807519763636e-11
6.742337705298179965e-11
6.488965163056809844e-11
6.242270878175157093e-11
6.002117674321393209e-11
5.768396233769496082e-11
5.540989658325756477e-11
5.319799468199383254e-11
5.104740152014070733e-11
4.895717151251624146e-11
4.692654877176460775e-11
4.495473409217098085e-11
4.304097197402758825e-11
4.118452737204916938e-11
3.938467179833980274e-11
3.764070127684003467e-11
3.595190952785004329e-11
3.431759447891366849e-11
3.273700559394409275e-11
3.120942251575187191e-11
2.973407429714731903e-11
2.831019333179589423e-11
2.693698990062233411e-11
2.561364561628633030e-11
2.433932143098973290e-11
2.311315006449747998e-11
2.193424015533410865e-11
2.080166902452009146e-11
1.971449711648497653e-11
1.867175637289716343e-11
1.767246367205841660e-11
1.671560182501390195e-11
1.580014635881562426e-11
1.492504122443073806e-11
1.408921651846526431e-11
1.329159643708080804e-11
1.253107488139184777e-11
1.180655069090246569e-11
1.111690374906983435e-11
1.046101168351368075e-11
9.837742946486869558e-12
9.245970634442386235e-12
8.684564543125268916e-12
8.152402259123252416e-12
7.648367140203297749e-12
7.171351523975457854e-12
6.720264325228686718e-12
6.294023947259598828e-12
5.891570608104018970e-12
5.511860099827107902e-12
5.153872591435695880e-12
4.816609455811367185e-12
4.499097074094921846e-12
4.200386814681783999e-12
3.919557371602687648e-12
3.655714512664323145e-12
3.407993776467218942e-12
3.175558470938787327e-12
2.957601844015236487e-12
2.753347826158978319e-12
2.562049690810371757e-12
2.382992329079616266e-12
2.215489128707140963e-12
2.058882530700348434e-12
1.912545313502126166e-12
1.775878375864603844e-12
1.648311130807665892e-12
1.529300318825654652e-12
1.418328346691238708e-12
1.314903677479469526e-12
1.218560411986814246e-12
1.128856273640112214e-12
1.045373287741178378e-12
9.677157714335831472e-13
8.955097218046623132e-13
8.284023404596158008e-13
7.660610003904645305e-13
7.081714798473869811e-13
6.544380066100607008e-13
6.045831634157355303e-13
5.583459872616368245e-13
5.154811394205292973e-13
4.757582771952260703e-13
4.389611098490034341e-13
4.048866814469770353e-13
3.733452254826153978e-13
3.441594088095275718e-13
3.171627033488673946e-13
2.921994105404915451e-13
2.691244813169486992e-13
2.478027401374093721e-13
2.281071792454275610e-13
2.099197825949336305e-13
1.931308180435369154e-13
1.776375300597390013e-13
1.633443845373982585e-13
1.501625309724285599e-13
1.380098308676120967e-13
1.268084905511260454e-13
1.164873781352925447e-13
1.069805382863792087e-13
9.822553913878619549e-14
9.016565660130414655e-14
8.274782277425840995e-14
7.592242322836883822e-14
6.964405003460064796e-14
6.387050327710758884e-14
5.856253820329254998e-14
5.368355964741269346e-14
4.920067268421028312e-14
4.508236503209505743e-14
4.129995979350256837e-14
3.782707550967512120e-14
3.463895969573539188e-14
3.171287750245305524e-14
2.902816946022427809e-14
2.656549712740873904e-14
2.430710959844014977e-14
2.223670080379589067e-14
2.033935244324064830e-14
1.860116618089245016e-14
1.700914651950845499e-14
1.555128204001167531e-14
1.421651043498582838e-14
1.299473978607394681e-14
1.187659444356816299e-14
1.085342596531092328e-14
9.917333474370982759e-15
9.061118398523587155e-15
8.278212498024992467e-15
7.562501649455498838e-15
6.908285920478127048e-15
6.310302309172726681e-15
5.763813502737800380e-15
5.264513125294388943e-15
4.808406221882168735e-15
4.391786748611480276e-15
4.011260484116555004e-15
3.663793830896799581e-15
3.346630187443953874e-15
3.057142013802447463e-15
2.792787835929312623e-15
2.551325256619396594e-15
2.330885171112595594e-15
2.129725151249687495e-15
1.946133174829987609e-15
1.778549554416999211e-15
1.625597410022495060e-15
1.486055871986999105e-15
1.358716903913711203e-15
1.242450485864600639e-15
1.136293347835849602e-15
1.039397196593900165e-15
9.510607324959050059e-16
8.706368825386304715e-16
7.974271764799381019e-16
7.307529419405394069e-16
6.700446042760870945e-16
6.148297512204406118e-16
5.646268920983675765e-16
5.189393831624934940e-16
4.773440881661564862e-16
4.395871103470398680e-16
4.054619069013571123e-16
3.746167259957765167e-16
3.466141329906025279e-16
3.211317911702171983e-16
2.980024246017472875e-16
2.770683395911010859e-16
2.581358614666417598e-16
2.409891088838365733e-16
2.255329360174433144e-16
2.118100248222552214e-16
1.996628909840171765e-16
1.888839948223722344e-16
1.794022326344112818e-16
1.711723498356114942e-16
1.642140219079217300e-16
