# bin_4_3
5.133662594998566370e-13
5.134884692164783593e-13
5.136154172267036522e-13
5.137472843042351171e-13
5.138842579229216563e-13
5.140265324811434319e-13
5.141743095172946371e-13
5.143277979298857355e-13
5.144872142180370356e-13
5.146527827468861336e-13
5.148247360457164479e-13
5.150033151267384101e-13
5.151887698289199306e-13
5.153813591380447111e-13
5.155813514543589919e-13
5.157890247891665949e-13
5.160046669238506602e-13
5.162285756405058785e-13
5.164610591292103373e-13
5.167024365919627886e-13
5.169530388508265017e-13
5.172132087140126238e-13
5.174833009709912116e-13
5.177636823345780869e-13
5.180547317780087152e-13
5.183568414235806999e-13
5.186704173590166258e-13
5.189958796949739124e-13
5.193336624050163642e-13
5.196842137899952045e-13
5.200479975924471528e-13
5.204254937268283998e-13
5.208171984825695744e-13
5.212236246670805505e-13
5.216453015555063935e-13
5.220827746725296961e-13
5.225366067975026612e-13
5.230073798029449714e-13
5.234956947393397983e-13
5.240021704330057149e-13
5.245274435486730298e-13
5.250721698684074026e-13
5.256370241994977485e-13
5.262227000598730503e-13
5.268299123092451409e-13
5.274594001933209678e-13
5.281119256883985061e-13
5.287882709936586701e-13
5.294892390336038242e-13
5.302156543615711510e-13
5.309683635250499216e-13
5.317482353295630156e-13
5.325561638464270971e-13
5.333930673278877725e-13
5.342598839002623676e-13
5.351575752796590692e-13
5.360871304495618486e-13
5.370495559734183136e-13
5.380458740153667455e-13
5.390771215378150661e-13
5.401443639430008798e-13
5.412487067222489443e-13
5.423912717732035726e-13
5.435731943215550462e-13
5.447956219364487133e-13
5.460597049918411527e-13
5.473666060896848636e-13
5.487175133470224322e-13
5.501136282277212916e-13
5.515561889057385664e-13
5.530464418482256590e-13
5.545856185360898596e-13
5.561749599453665559e-13
5.578156842617064199e-13
5.595090368524783875e-13
5.612562690337337951e-13
5.630586355821283819e-13
5.649173628981418321e-13
5.668336680323123889e-13
5.688087452230482820e-13
5.708437528652982706e-13
5.729398608730405480e-13
5.750981749420196068e-13
5.773197740990778102e-13
5.796057054791991742e-13
5.819569477004118786e-13
5.843743943934146189e-13
5.868588816016011831e-13
5.894111648209526526e-13
5.920319275526003613e-13
5.947217998457578197e-13
5.974812827102095833e-13
6.003107634453610433e-13
6.032105177200474583e-13
6.061807488059613292e-13
6.092214698365954819e-13
6.123326107096612385e-13
6.155139004596744236e-13
6.187648984473781352e-13
6.220849100246871790e-13
6.254730854316395480e-13
6.289282794751642852e-13
6.324492193245127302e-13
6.360343160585311289e-13
6.396818031898503617e-13
6.433895650056666913e-13
6.471553032238064373e-13
6.509762750366154541e-13
6.548496105590390296e-13
6.587719390577447087e-13
6.627396345285641342e-13
6.667486468600979129e-13
6.707946440404471925e-13
6.748728355701451746e-13
6.789781558182500366e-13
6.831050377405613961e-13
6.872474603728626196e-13
6.913990236092191955e-13
6.955529441893699098e-13
6.997019355728631896e-13
7.038382068249970862e-13
7.079536650762348543e-13
7.120399581396119550e-13
7.160882820768426000e-13
7.200893854153896086e-13
7.240337380953225860e-13
7.279117571951445038e-13
7.317136345588417969e-13
7.354291286007300577e-13
7.390479660228023882e-13
7.425593740842048988e-13
7.459529195386574784e-13
7.492180004698175540e-13
7.523444603475473589e-13
7.553218348153376693e-13
7.581399140730816308e-13
7.607884719920697441e-13
7.632575582648700267e-13
7.655376064491224461e-13
7.676188773978360181e-13
7.694920804445966696e-13
7.711473851946302726e-13
7.725752084079887933e-13
7.737656088728084049e-13
7.747084212280840104e-13
7.753929355437476087e-13
7.758077813669013957e-13
7.759404828589690819e-13
7.757774006377039132e-13
7.753040388227918002e-13
7.745049251632684057e-13
7.733632929836420339e-13
7.718611412130745820e-13
7.699788614577250303e-13
7.676958616575859002e-13
7.649909203500745490e-13
7.618422416224252212e-13
7.582285730875061966e-13
7.541298608816054402e-13
7.495294276158163230e-13
7.444138359611792554e-13
7.387741341984059815e-13
7.326071907179725354e-13
7.259175804669942026e-13
7.187171966936805239e-13
7.110262363712176428e-13
7.028719493023286162e-13
6.942888106916390749e-13
6.853171598756960276e-13
6.760025712711233346e-13
6.663944536990616252e-13
6.565446445568831859e-13
6.465052429575852268e-13
6.363273561334079883e-13
6.260608391531767361e-13
6.157539953917347652e-13
6.054568068808573935e-13
5.952208757105704236e-13
5.850980435887344981e-13
5.751383399797297149e-13
5.653868932307528208e-13
5.558804983585498769e-13
5.466459630887063099e-13
5.376956847354252250e-13
5.290304120615363710e-13
5.206358025782936863e-13
5.124860374379785237e-13
5.045423567214964186e-13
4.967594829142422561e-13
4.890840818720375036e-13
4.814616700565396579e-13
4.738344560617919336e-13
4.661514336073678167e-13
4.583695200315985420e-13
4.504634125267465317e-13
4.424249555756290710e-13
4.342684680083436741e-13
4.260275022616366230e-13
4.177533172021207188e-13
4.095070576024550498e-13
4.013537631198554987e-13
3.933492679190003081e-13
3.855375726343949717e-13
3.779350722388219788e-13
3.705440229632385954e-13
3.633313012985575635e-13
3.562658558468931241e-13
3.492908604204569966e-13
3.423740585996567678e-13
3.354779017008847827e-13
3.285945540529169328e-13
3.217266538655367452e-13
3.148935211773396929e-13
3.081166317261450604e-13
3.014043719737518119e-13
2.947566830863520679e-13
2.881469931037924805e-13
2.815556662677036202e-13
2.749503259969572528e-13
2.683411945346429890e-13
2.617328136134886479e-13
2.551791145384561830e-13
2.486983480794202037e-13
2.423102093155915029e-13
2.359892533960250513e-13
2.297060311388006711e-13
2.234298454884781564e-13
2.171588389624290859e-13
2.109132330977437277e-13
2.047311860048463101e-13
1.986305613161727513e-13
1.926171226697178839e-13
1.866600181509951905e-13
1.807532687556593573e-13
1.748950753263380506e-13
1.691128412840637234e-13
1.634254022121267661e-13
1.578278297013693402e-13
1.523167418111977111e-13
1.468891058507504097e-13
1.415566123718722707e-13
1.363269789063537849e-13
1.312013366844789798e-13
1.261801602963357076e-13
1.212652291144981664e-13
1.164617939375105115e-13
1.117733378797162735e-13
1.071967012380275393e-13
1.027375145573440178e-13
9.839669233066718369e-14
9.417530528708642779e-14
9.007406474552861342e-14
8.609381388704713143e-14
8.223487155458111287e-14
7.849668551786454441e-14
7.487942577922668081e-14
7.138200343135798467e-14
6.800403569051434807e-14
6.474395578873777815e-14
6.160082952392540937e-14
5.857283900419262217e-14
5.565833242748428952e-14
5.285568075066570206e-14
5.016304507745110699e-14
4.757867252604210344e-14
4.509997705426270238e-14
4.272496761867621426e-14
4.045092229978367715e-14
3.827549185426818983e-14
3.619593244201780522e-14
3.420964018633886837e-14
3.231386408388569701e-14
3.050579093224642941e-14
2.878275369346003177e-14
2.714172917626389748e-14
2.558022059595796315e-14
2.409519775330991634e-14
2.268422623037940314e-14
2.134442029558542688e-14
2.007316800797211225e-14
1.886775896759939897e-14
1.772554590021201210e-14
1.664396308628771861e-14
1.562042125598125588e-14
1.465247711708409708e-14
1.373763327870364924e-14
1.287358142226570967e-14
1.205792858667997331e-14
1.128849514132564250e-14
1.056304243627599841e-14
9.879535195171688157e-15
9.235930349279908158e-15
8.630250396062160281e-15
8.060617504222204519e-15
7.525167731425307157e-15
7.022158779086700945e-15
6.549870021652919255e-15
6.106684755882437947e-15
5.691022552443091439e-15
5.301392868345106513e-15
4.936351789509676709e-15
4.594524610461826309e-15
4.274606264588187132e-15
3.975332277777136928e-15
3.695532555933313814e-15
3.434060894325892985e-15
3.189848553408131368e-15
2.961859242231254525e-15
2.749121458453922678e-15
2.550706230067031360e-15
2.365735711097602569e-15
2.193377414611311497e-15
2.032843249579003396e-15
1.883389615779728748e-15
1.744309881444068815e-15
1.614942575482727750e-15
1.494655734327885078e-15
1.382863568933101223e-15
1.279006208573538464e-15
1.182562055165261682e-15
1.093036943506414411e-15
1.009967148783227257e-15
9.329172380298454141e-16
8.614781775225661362e-16
7.952664289547119245e-16
7.339214084960232190e-16
6.771062432084436929e-16
6.245052413287167162e-16
5.758235629544929477e-16
5.307839406877939188e-16
4.891289503116655468e-16
4.506163860050937671e-16
4.150211398056393447e-16
3.821333007518796055e-16
3.517569858005089503e-16
3.237085846311778920e-16
2.978181358427395294e-16
2.739275006975425172e-16
2.518883939963710526e-16
2.315634490886476132e-16
2.128252503550807310e-16
1.955550075678750992e-16
1.796415165340495780e-16
1.649834660127599808e-16
1.514850584716396809e-16
1.390573064785651280e-16
1.276187222622071978e-16
1.170940291829250996e-16
1.074120812284160497e-16
9.850765435848973349e-17
9.032123032672233059e-17
8.279612670341006144e-17
7.588063430298113751e-17
6.952771158624225851e-17
6.369277579173535300e-17
5.833429363308990837e-17
5.341552463554235358e-17
4.890157947329371055e-17
4.475932153269703021e-17
4.095937612531549174e-17
3.747438311186644725e-17
3.427835274808941478e-17
3.134846231133874361e-17
2.866373510123336067e-17
2.620332744332954018e-17
2.394905960462728636e-17
2.188493848012443403e-17
1.999583006391602535e-17
1.826721964210836156e-17
1.668575717310746952e-17
1.523901698109661216e-17
1.391608344500665183e-17
1.270691193830871224e-17
1.160133914706667245e-17
1.059041460242561687e-17
9.666471583494741688e-18
8.822260603458883992e-18
8.050976443985673856e-18
7.346381564899656238e-18
6.702746008284770194e-18
6.114882930487584935e-18
5.578325177606609328e-18
5.088650785537020035e-18
4.641469341809803348e-18
4.233211768895696947e-18
3.860801332672117565e-18
3.521477628473401986e-18
3.212088670609858307e-18
2.929539087488034675e-18
2.671274892537184434e-18
2.435391781124286247e-18
2.220455872421537276e-18
2.024388264277402998e-18
1.845302754051020228e-18
1.682090034311455922e-18
1.533450088552006578e-18
1.397934895505092247e-18
1.274035542374248932e-18
1.160653835027955033e-18
1.057090059476769814e-18
