# bin_2_1
4.186582985514899399e-11
4.195554122233787780e-11
4.204839334749442897e-11
4.214448121282515555e-11
4.224390496973065655e-11
4.234676828799333117e-11
4.245317902027177917e-11
4.256324633993497084e-11
4.267707667211805896e-11
4.279477377583398100e-11
4.291644018093149543e-11
4.304218056424635820e-11
4.317210726974703511e-11
4.330633945386208883e-11
4.344500152926311282e-11
4.358821339141709406e-11
4.373608345560886773e-11
4.388871186727951962e-11
4.404620107889474526e-11
4.420866447988695128e-11
4.437622613661615996e-11
4.454900615181608192e-11
4.472710839300574356e-11
4.491062016338736328e-11
4.509963349159273957e-11
4.529425403791253684e-11
4.549459376028966806e-11
4.570075287955943606e-11
4.591281265149381674e-11
4.613085427659947925e-11
4.635496463519990523e-11
4.658523049341380105e-11
4.682173760085619757e-11
4.706456679394032346e-11
4.731379991071168090e-11
4.756951249749292861e-11
4.783176038006908271e-11
4.810059977551234985e-11
4.837611855672699022e-11
4.865837567029451527e-11
4.894734558539960518e-11
4.924303358923352308e-11
4.954549905283725932e-11
4.985469268301613282e-11
5.017050499611512726e-11
5.049293417846879138e-11
5.082194268770805629e-11
5.115737311130391413e-11
5.149917903296517105e-11
5.184736643366732911e-11
5.220179901811649881e-11
5.256243963791317402e-11
5.292933546402279965e-11
5.330236835220609539e-11
5.368149801933292452e-11
5.406666659165833784e-11
5.445766816845159953e-11
5.485445847950185216e-11
5.525681230716657975e-11
5.566448295598698101e-11
5.607741687133850863e-11
5.649526902674568440e-11
5.691786967195743049e-11
5.734494097790481190e-11
5.777611432674739153e-11
5.821107011160214425e-11
5.864939692292055107e-11
5.909085504385585798e-11
5.953509198527146038e-11
5.998199998636969230e-11
6.043127208507667871e-11
6.088270754683253943e-11
6.133613571975275672e-11
6.179123096842053876e-11
6.224773633327326922e-11
6.270524382498743001e-11
6.316334997761443745e-11
6.362156730521665891e-11
6.407944568856910054e-11
6.453659781872209400e-11
6.499267347489108314e-11
6.544730096680337137e-11
6.590017995215225487e-11
6.635087059014950748e-11
6.679893648325078945e-11
6.724392785316617212e-11
6.768532214990517498e-11
6.812275668731059515e-11
6.855576099877485107e-11
6.898386662392975980e-11
6.940651484503120891e-11
6.982302193047330850e-11
7.023281384224898818e-11
7.063512005458080351e-11
7.102952712965321095e-11
7.141521409192436224e-11
7.179160935975618669e-11
7.215777487515427746e-11
7.251305678703396710e-11
7.285650192414556474e-11
7.318730008564126601e-11
7.350448598563277392e-11
7.380696041554235354e-11
7.409377146279980943e-11
7.436371618487596735e-11
7.461594342253259453e-11
7.484915730173404862e-11
7.506236611940189885e-11
7.525431692916930232e-11
7.542366168009949527e-11
7.556934602721877974e-11
7.568982590964564211e-11
7.578442133374187197e-11
7.585149560533755006e-11
7.589041087376416757e-11
7.589946759763835466e-11
7.587793142509366326e-11
7.582435367553233901e-11
7.573821769920649171e-11
7.561840040624261617e-11
7.546397973904953947e-11
7.527439415491807411e-11
7.504835548559718221e-11
7.478583378565434880e-11
7.448584682105682548e-11
7.414818057475501674e-11
7.377209325278149094e-11
7.335726871308313705e-11
7.290342390691759897e-11
7.241037658984134596e-11
7.187773461831119943e-11
7.130549998026843109e-11
7.069338111083136836e-11
7.004156095496843049e-11
6.935009673287629913e-11
6.861890760385199342e-11
6.784848625899993880e-11
6.703906282609982035e-11
6.619117586571679183e-11
6.530526142600617391e-11
6.438227041500335702e-11
6.342283737845635449e-11
6.242813763328427002e-11
6.139918703032098239e-11
6.033742770938833839e-11
5.924418469921112414e-11
5.812115151411805156e-11
5.696993597836859367e-11
5.579243600872439612e-11
5.459062410330268402e-11
5.336654505940446175e-11
5.212252857639710809e-11
5.086104047718155943e-11
4.958486064528493277e-11
4.829701465644007067e-11
4.700099823776877630e-11
4.570052375398213287e-11
4.439978308687493522e-11
4.310306873304327658e-11
4.181504021678311701e-11
4.054034527715988764e-11
3.928375215735635158e-11
3.804995659877078499e-11
3.684335964867163643e-11
3.566800301443196434e-11
3.452720676160778110e-11
3.342353067342644019e-11
3.235856305253113506e-11
3.133301665674261877e-11
3.034665211022721600e-11
2.939842364235666650e-11
2.848638652360621093e-11
2.760785469755296834e-11
2.675940713946743671e-11
2.593709284301693171e-11
2.513667296122475069e-11
2.435385473211308116e-11
2.358463083195375957e-11
2.282568208261537663e-11
2.207464693741907090e-11
2.133048505822755791e-11
2.059350967185622029e-11
1.986555209430112251e-11
1.914970386071533166e-11
1.845012872656685207e-11
1.777147388254274882e-11
1.711845808691000560e-11
1.649513209126684582e-11
1.590442457833858538e-11
1.534758293340496644e-11
1.482399862411263943e-11
1.433110366743988615e-11
1.386486131928079439e-11
1.342015607714116125e-11
1.299198301865396109e-11
1.257596299673765720e-11
1.216951671359487224e-11
1.177175757318897461e-11
1.138362275408349290e-11
1.100706583286676014e-11
1.064413037502872879e-11
1.029620138498959821e-11
9.963301421182652532e-12
9.644324431530411177e-12
9.337127663476972281e-12
9.039919975122878429e-12
8.750975093514743586e-12
8.469977658623849913e-12
8.196835090305005434e-12
7.931892303113868663e-12
7.675087932389051111e-12
7.425975406567173079e-12
7.183796594439493812e-12
6.947916755000064754e-12
6.717958553254599225e-12
6.493933819351734678e-12
6.275760025913115230e-12
6.063380583228456982e-12
5.856381235270545533e-12
5.654454254296594643e-12
5.457528146601338029e-12
5.265380071842424177e-12
5.078185221033391348e-12
4.895746819066077099e-12
4.717972673826151818e-12
4.544665147226496009e-12
4.375761445173412794e-12
4.211252420421266160e-12
4.050996197255842689e-12
3.895009778650033662e-12
3.743178241378045261e-12
3.595437907015542408e-12
3.451764174391952590e-12
3.312088170987697868e-12
3.176379072220551279e-12
3.044587051292136461e-12
2.916678586949164800e-12
2.792599179487829603e-12
2.672313043300464385e-12
2.555767317907151818e-12
2.442917941724986008e-12
2.333713819207573598e-12
2.228104658495331517e-12
2.126037862686288985e-12
2.027456580001377905e-12
1.932307184418582041e-12
1.840525764461247264e-12
1.752064075182954982e-12
1.666853343843381565e-12
1.584841685980228598e-12
1.505961434157799756e-12
1.430148936091027995e-12
1.357337243363270420e-12
1.287456043050317270e-12
1.220436838325681741e-12
1.156206996083732840e-12
1.094696258014206640e-12
1.035830026558847567e-12
9.795373308531493562e-13
9.257427061637579379e-13
8.743747706515423867e-13
8.253598838316247961e-13
7.786254742051309265e-13
7.340999783435941491e-13
6.917097081914696584e-13
6.513838039505880187e-13
6.130491512927530529e-13
5.766352577989392599e-13
5.420708944906595021e-13
5.092867298485175161e-13
4.782135609041867193e-13
4.487838514218126873e-13
4.209308025530701022e-13
3.945888239626931119e-13
3.696943240308961521e-13
3.461840216963642726e-13
3.239974153519527035e-13
3.030741749489805933e-13
2.833564120485454964e-13
2.647871107419596064e-13
2.473111923290554878e-13
2.308750631490884843e-13
2.154269138823924608e-13
2.009166318344083183e-13
1.872957960739931023e-13
1.745178419883688024e-13
1.625378309723173184e-13
1.513126550416634641e-13
1.408008509235826481e-13
1.309627099254322817e-13
1.217601835619864040e-13
1.131569663417841583e-13
1.051182858024598675e-13
9.761111923035315936e-14
9.060389058361953702e-14
8.406664579014237499e-14
7.797090889763464643e-14
7.228965896199475660e-14
6.699726703263700411e-14
6.206949434739924428e-14
5.748335720799535123e-14
5.321711177559036727e-14
4.925025565800741279e-14
4.556330259544980196e-14
4.213804250142650016e-14
3.895714550270350047e-14
3.600446981462798140e-14
3.326471599323306105e-14
3.072355888480492380e-14
2.836753558282703004e-14
2.618398874722737316e-14
2.416107639946602005e-14
2.228768994021926694e-14
2.055344709059424661e-14
1.894857436780874021e-14
1.746400872467392808e-14
1.609114149602241849e-14
1.482202636022569768e-14
1.364919614021005957e-14
1.256570283445925333e-14
1.156506804515466284e-14
1.064124514377958168e-14
9.788631615582682219e-15
9.001977158840713790e-15
8.276402348795494315e-15
7.607379857827609791e-15
6.990705065412474515e-15
6.422421444392101102e-15
5.898920504292879997e-15
5.416788736390970468e-15
4.972871284214112756e-15
4.564257462711327752e-15
4.188234400196636021e-15
3.842301908970990693e-15
3.524119904291434661e-15
3.231557799333339958e-15
2.962617537365283519e-15
2.715450983485270111e-15
2.488367006097187575e-15
2.279788662449946537e-15
2.088254958627865455e-15
1.912432182055204524e-15
1.751081915526532210e-15
1.603032656903664398e-15
1.467229993495907292e-15
1.342674242672940999e-15
1.228461858948512023e-15
1.123750431098771903e-15
1.027765819577413226e-15
9.397925566295824790e-16
8.591782128636246618e-16
7.853418865087793247e-16
7.177530297803393385e-16
6.559063453545891410e-16
5.993205643911810567e-16
5.475641335755978544e-16
5.002344106726048367e-16
4.569554413476029658e-16
4.173846591560936026e-16
3.812075769824594493e-16
3.481379373519822808e-16
3.179143894083971377e-16
2.902995892981734072e-16
2.650704338610204942e-16
2.420234577837002216e-16
2.209796649146512697e-16
2.017684379297280173e-16
1.842308842476390739e-16
1.682244781539921001e-16
1.536183709966213205e-16
1.402999602244103819e-16
1.281602916482236092e-16
1.170910739908406636e-16
1.069897424204962177e-16
9.776643505467590994e-17
8.934857524503980535e-17
8.166375837931514157e-17
7.465098137408645071e-17
6.825830316180722300e-17
6.243288040514095017e-17
5.712688024202057634e-17
5.228956180740869683e-17
4.787475249997540639e-17
4.384431574535208376e-17
4.016621239117197175e-17
3.681884083679665348e-17
3.378031253403843875e-17
3.102619935382145351e-17
2.853237661616546360e-17
2.628115352953596186e-17
2.424896710327757428e-17
2.240822730253910705e-17
2.073560806444925032e-17
1.921154558066823048e-17
1.783181251669642152e-17
1.658981596968091305e-17
1.547347373786545984e-17
1.447038500468359899e-17
1.356572706402229099e-17
1.274629770535978701e-17
