# bin_4_2
3.932308055732787068e-13
3.935507457635546615e-13
3.938830649877520886e-13
3.942282333473399360e-13
3.945867381499695081e-13
3.949590844811137742e-13
3.953457958037694753e-13
3.957474145450532350e-13
3.961645026757683013e-13
3.965976423172172060e-13
3.970474363901117778e-13
3.975145093107791165e-13
3.979995077254604846e-13
3.985031012691588958e-13
3.990259833266893532e-13
3.995688717939877341e-13
4.001325097820595650e-13
4.007176663269476675e-13
4.013251370927692380e-13
4.019557451332575781e-13
4.026103418339659482e-13
4.032898079363745692e-13
4.039950544927443718e-13
4.047270235051912141e-13
4.054866882900726745e-13
4.062750539772950998e-13
4.070931585093854190e-13
4.079420741624792893e-13
4.088229087306403706e-13
4.097368061347656255e-13
4.106849468579508615e-13
4.116685489890536946e-13
4.126888693687874769e-13
4.137472042024421581e-13
4.148448892143429989e-13
4.159833002542197514e-13
4.171638543689859518e-13
4.183880105803575108e-13
4.196572702813985245e-13
4.209731780076639853e-13
4.223373224720016175e-13
4.237513367798849541e-13
4.252168984964007793e-13
4.267357316878721939e-13
4.283096089809785396e-13
4.299403503751087209e-13
4.316298201133363219e-13
4.333799256217491909e-13
4.351926195470458570e-13
4.370699005869178827e-13
4.390138124596787256e-13
4.410264435384563402e-13
4.431099258689676468e-13
4.452664360720115052e-13
4.474981943612909448e-13
4.498074573844738426e-13
4.521965183244430818e-13
4.546677065287036329e-13
4.572233758336063822e-13
4.598659108140287035e-13
4.625977273151558178e-13
4.654212611033784105e-13
4.683389808877168225e-13
4.713533752213982791e-13
4.744669473941266691e-13
4.776822063433869963e-13
4.810016428794705694e-13
4.844277483766549181e-13
4.879629980480433717e-13
4.916098555891484048e-13
4.953707718003687398e-13
4.992481513161233776e-13
5.032443325841369721e-13
5.073615886083044652e-13
5.116021397341095013e-13
5.159681392473423106e-13
5.204616634064387285e-13
5.250846884223988754e-13
5.298390703311699376e-13
5.347265151042596055e-13
5.397485735556427695e-13
5.449066407055956109e-13
5.502019210022979146e-13
5.556354070420058647e-13
5.612078618543648996e-13
5.669197923093423338e-13
5.727714493025814487e-13
5.787627960500579335e-13
5.848934793941648963e-13
5.911627863669318652e-13
5.975696287185305993e-13
6.041125160935655819e-13
6.107895188417645317e-13
6.175982750565677919e-13
6.245359162541098798e-13
6.315990544864554932e-13
6.387837611633848605e-13
6.460854994976698888e-13
6.534990960187079976e-13
6.610186470658587704e-13
6.686375782324587404e-13
6.763486246469871984e-13
6.841438231226884953e-13
6.920143160682753708e-13
6.999503513391885100e-13
7.079412348228669222e-13
7.159754522606154906e-13
7.240404965479698198e-13
7.321229408298252432e-13
7.402082966809275549e-13
7.482809469187701527e-13
7.563242340799417605e-13
7.643204530891773620e-13
7.722507202085329572e-13
7.800949927220653346e-13
7.878321567633210242e-13
7.954400974577378835e-13
8.028956610570794096e-13
8.101746129848300320e-13
8.172517003306043081e-13
8.241008033994685151e-13
8.306950344700702808e-13
8.370067630672121793e-13
8.430075579822564180e-13
8.486685463101923808e-13
8.539606558464360310e-13
8.588549502538959306e-13
8.633225988827801856e-13
8.673351234314417300e-13
8.708646003517513024e-13
8.738836542737381867e-13
8.763660677954424420e-13
8.782868556868251966e-13
8.796229049707906318e-13
8.803532706660429711e-13
8.804596594170021068e-13
8.799261561831608079e-13
8.787391053274868611e-13
8.768874717263186947e-13
8.743629801506879990e-13
8.711602105894171742e-13
8.672764338500084760e-13
8.627118653763743001e-13
8.574694334631422826e-13
8.515544830814197840e-13
8.449742043309082511e-13
8.377371969872142599e-13
8.298533907770695437e-13
8.213340234898259847e-13
8.121914185872579768e-13
8.024385237140107345e-13
7.920884882633720352e-13
7.811547119258682476e-13
7.696510348060757538e-13
7.575922177988121439e-13
7.449941722905488263e-13
7.318747325155029279e-13
7.182547323897935916e-13
7.041600386162803598e-13
6.896228367313767127e-13
6.746843463837408411e-13
6.593968803716395201e-13
6.438258399312168179e-13
6.280499398259144484e-13
6.121603007507995507e-13
5.962576492312217338e-13
5.804478378558468788e-13
5.648366996804438905e-13
5.495239710095166799e-13
5.345972234130932511e-13
5.201258190597866475e-13
5.061559800592991946e-13
4.927074053890002464e-13
4.797724928504971347e-13
4.673191027538068998e-13
4.552966977977498620e-13
4.436443264452751578e-13
4.322988189141421487e-13
4.212015067642983581e-13
4.103025712316084777e-13
3.995620380348055175e-13
3.889480472182183166e-13
3.784352751010273585e-13
3.680043323682504686e-13
3.576428125359691661e-13
3.473491317169229909e-13
3.371369229024739418e-13
3.270380623600847322e-13
3.171011984952855805e-13
3.073856084194608440e-13
2.979505658541030602e-13
2.888443461491544592e-13
2.800983011946856053e-13
2.717235485669707356e-13
2.637147438980401933e-13
2.560526442519719758e-13
2.487090261054171803e-13
2.416513409742891323e-13
2.348443630123340135e-13
2.282590047952932961e-13
2.218683281100917526e-13
2.156554743823478363e-13
2.096072338794019065e-13
2.037164197696025099e-13
1.979794139024667498e-13
1.923963449647136722e-13
1.869670677808032545e-13
1.816914060260766043e-13
1.765641796590502390e-13
1.715760648756471550e-13
1.667153997795130141e-13
1.619677762908184695e-13
1.573256684437999121e-13
1.527821266723098389e-13
1.483389181085648376e-13
1.439945984853446076e-13
1.397469912012922140e-13
1.355891699446442710e-13
1.315123158225843232e-13
1.275106546589757522e-13
1.235810666792041018e-13
1.197237628737578488e-13
1.159410769441770575e-13
1.122322295961054579e-13
1.085968368870944603e-13
1.050295389757599414e-13
1.015302829404465712e-13
9.809809094991014986e-14
9.473394239994334166e-14
9.143989664623449326e-14
8.821437119568253812e-14
8.505703243572404919e-14
8.196737683446738608e-14
7.894599958041808190e-14
7.599371321392060582e-14
7.311039392499600959e-14
7.029593603863665318e-14
6.755017192313576051e-14
6.487316640421195246e-14
6.226558095010823623e-14
5.972706394687312099e-14
5.725773412580210163e-14
5.485733596682249750e-14
5.252571685445093394e-14
5.026280054067350034e-14
4.806806194149991724e-14
4.594113341959242288e-14
4.388147281351937649e-14
4.188853834087194371e-14
3.996161132305276656e-14
3.810000047368751902e-14
3.630282720795843545e-14
3.456926638707078829e-14
3.289834648750530317e-14
3.128905818051431284e-14
2.974040318322786861e-14
2.825121103075802040e-14
2.682038356820338973e-14
2.544664084785275090e-14
2.412874079724141647e-14
2.286535550754523809e-14
2.165515567591883819e-14
2.049676630761366838e-14
1.938880496795858468e-14
1.832986169651244486e-14
1.731851110231606294e-14
1.635335726621598969e-14
1.543293659715347913e-14
1.455587137151458469e-14
1.372070340950579763e-14
1.292604392361544319e-14
1.217047513173609332e-14
1.145259101053436807e-14
1.077101175580748546e-14
1.012435481191421718e-14
9.511272301918307785e-15
8.930426155761519920e-15
8.380510510619941411e-15
7.860232438714016193e-15
7.368342214637023535e-15
6.903599848178242126e-15
6.464812622144604897e-15
6.050806711273035335e-15
5.660443319410061739e-15
5.292619379314956855e-15
4.946254012026532711e-15
4.620308635064149952e-15
4.313769755720973832e-15
4.025662586619153130e-15
3.755043965033240676e-15
3.501005881596170130e-15
3.262673268811816547e-15
3.039206148012766136e-15
2.829798027202781973e-15
2.633674776778526340e-15
2.450097415581425776e-15
2.278356012527453678e-15
2.117775612198015241e-15
1.967709891412451703e-15
1.827543703680605124e-15
1.696691135505465345e-15
1.574594142675233673e-15
1.460723318632798337e-15
1.354575465139044270e-15
1.255673990499380529e-15
1.163567028976684146e-15
1.077827156484016300e-15
9.980502322519092349e-16
9.238542198517529628e-16
8.548786873529961046e-16
7.907834055862557685e-16
7.312482168233878145e-16
6.759714755450332171e-16
6.246693916942023130e-16
5.770754708394161693e-16
5.329388898638863312e-16
4.920243555134256441e-16
4.541109770550080192e-16
4.189919064384129018e-16
3.864729523807686612e-16
3.563726769702209069e-16
3.285210926812658020e-16
3.027592023740757693e-16
2.789383880933102218e-16
2.569195927642883379e-16
2.365735066405383867e-16
2.177789691077810587e-16
2.004234608062698120e-16
1.844018651186812716e-16
1.696163196829353354e-16
1.559756188122503919e-16
1.433951007017688545e-16
1.317957828375629609e-16
1.211042881813425685e-16
1.112526068817054235e-16
1.021772196436980037e-16
9.381945250197109372e-17
8.612457328018047436e-17
7.904204070657019064e-17
7.252473280949737738e-17
6.652930683132769382e-17
6.101555896732607835e-17
5.594598599778016255e-17
5.128614460021792862e-17
4.700406181250860389e-17
4.307002642295195825e-17
3.945669180043808949e-17
3.613883146462768645e-17
3.309281041385205843e-17
3.029704545197036402e-17
2.773166142606674614e-17
2.537818036378364097e-17
2.321969866324575536e-17
2.124065126146780124e-17
1.942659553917692431e-17
1.776426685308557974e-17
1.624138704347451189e-17
1.484641143507489359e-17
1.356886050627155850e-17
1.239927110270535292e-17
1.132892224418908896e-17
1.034955780256408185e-17
9.453616342031253096e-18
8.634110090879000234e-18
7.884640686956584700e-18
7.199403947062424269e-18
6.572938925202354573e-18
6.000282873553779952e-18
5.476948891654898598e-18
4.998828532924494124e-18
4.562144545022676562e-18
4.163339239541244109e-18
3.799143924446697509e-18
3.466575349059033660e-18
3.162970677259300087e-18
2.885868974249471069e-18
2.632931891712893138e-18
2.402086037065127685e-18
2.191449565942459106e-18
1.999265816884017113e-18
1.823792610874234672e-18
1.663466248400831571e-18
1.516981786155339701e-18
1.383162283065044197e-18
1.260983503838659793e-18
1.149455324180706452e-18
1.047652540031788852e-18
9.547719879303227161e-19
8.700841112297553034e-19
7.929729835814539901e-19
7.227799800362526378e-19
6.588815907263878211e-19
6.007505867909066667e-19
5.479422716375752209e-19
5.000579622496859916e-19
4.566427999571485237e-19
4.172726328848604359e-19
3.815434916336889167e-19
3.491360496466906543e-19
3.196850080408746875e-19
