# bin_3_1
3.618327736891000288e-12
3.626143841752919968e-12
3.634259494342309197e-12
3.642685837249917332e-12
3.651434398144343926e-12
3.660517105228332163e-12
3.669946295874892303e-12
3.679734732924811143e-12
3.689895608896315516e-12
3.700442564392975970e-12
3.711389696968190224e-12
3.722751571756360433e-12
3.734543240674379725e-12
3.746780246629246332e-12
3.759478643435312582e-12
3.772655000619088691e-12
3.786326417373481630e-12
3.800510535031122181e-12
3.815225547408534772e-12
3.830490217072383301e-12
3.846323881296109394e-12
3.862746464522433426e-12
3.879778482659241099e-12
3.897441053714518560e-12
3.915755914448148406e-12
3.934745423617705017e-12
3.954432575955604054e-12
3.974840993424615927e-12
3.995994938474885104e-12
4.017919326547896782e-12
4.040639723517427264e-12
4.064182347556931652e-12
4.088574057302502849e-12
4.113842353207684349e-12
4.140015386360962731e-12
4.167121947759143117e-12
4.195191450892230258e-12
4.224253927185520375e-12
4.254340018048511699e-12
4.285480958664772023e-12
4.317708546928430148e-12
4.351055125228500419e-12
4.385553582134562103e-12
4.421237268566876924e-12
4.458139974494763707e-12
4.496295907617303295e-12
4.535739638904464237e-12
4.576505997078157725e-12
4.618630080608232979e-12
4.662147178231564701e-12
4.707092667901927842e-12
4.753501991989761707e-12
4.801410554747854905e-12
4.850853588280205120e-12
4.901866104021810465e-12
4.954482748223860745e-12
5.008737640866922534e-12
5.064664324108283166e-12
5.122295530803295145e-12
5.181663054145921015e-12
5.242797687637850087e-12
5.305728956575402932e-12
5.370484985353030106e-12
5.437092236987747290e-12
5.505575260465349904e-12
5.575956506029730249e-12
5.648255932023873387e-12
5.722491011094698862e-12
5.798676263328418101e-12
5.876823017968198726e-12
5.956939149945823885e-12
6.039028555426219129e-12
6.123091052309260184e-12
6.209121727283697732e-12
6.297110916654510724e-12
6.387043392550640977e-12
6.478898163922794213e-12
6.572647935172891621e-12
6.668258716938720401e-12
6.765689344278884508e-12
6.864890847173081509e-12
6.965806067763543230e-12
7.068368984538190477e-12
7.172504436117572502e-12
7.278127270739457873e-12
7.385142087331236340e-12
7.493442395363293803e-12
7.602910388255535972e-12
7.713415981226545680e-12
7.824816601786519716e-12
7.936956259238219244e-12
8.049665357476652621e-12
8.162759616031181149e-12
8.276039889025752290e-12
8.389291433095324340e-12
8.502283696598453701e-12
8.614769536744445424e-12
8.726485232794540258e-12
8.837149692615656477e-12
8.946464344980498321e-12
9.054112946026781478e-12
9.159761788932357703e-12
9.263059790677339462e-12
9.363638433002574764e-12
9.461112442308510817e-12
9.555080228507029150e-12
9.645125013089413107e-12
9.730816110440997719e-12
9.811710157941657349e-12
9.887352830419080202e-12
9.957281433793146977e-12
1.002102724454924306e-11
1.007811817763671659e-11
1.012808220552978585e-11
1.017045127736174290e-11
1.020476581056226676e-11
1.023057911967391380e-11
1.024746393815542299e-11
1.025501790951404890e-11
1.025287048860553173e-11
1.024068810689912713e-11
1.021818135144094697e-11
1.018511122144208324e-11
1.014129582704772199e-11
1.008661722832148287e-11
1.002102851503383043e-11
9.944558616926212149e-12
9.857316235869915492e-12
9.759493127766067164e-12
9.651366150241081648e-12
9.533296901562952929e-12
9.405730087274278849e-12
9.269189309615982303e-12
9.124271516226973645e-12
8.971638945055324454e-12
8.812010172203296928e-12
8.646146752625887289e-12
8.474839373854901231e-12
8.298889451945318853e-12
8.119091663793397500e-12
7.936214998000434480e-12
7.750987154977225157e-12
7.564079625814728880e-12
7.376097007447939414e-12
7.187570916571526318e-12
6.998957644613262681e-12
6.810643258436755154e-12
6.622955542427028751e-12
6.436180135763462566e-12
6.250578453888347174e-12
6.066404612404749746e-12
5.883920710499235327e-12
5.703404352576007034e-12
5.525151138530257078e-12
5.349467860289706157e-12
5.176660105929941826e-12
5.007012627889438803e-12
4.840769022240585277e-12
4.678116475273320434e-12
4.519179013726276649e-12
4.364020290582005878e-12
4.212658362526822188e-12
4.065085910169338715e-12
3.921294983424709118e-12
3.781291604522326111e-12
3.645101239375216627e-12
3.512755199475411713e-12
3.384274784446866680e-12
3.259654786688177650e-12
3.138863229448846390e-12
3.021852004427132067e-12
2.908577223525311174e-12
2.799015601339264590e-12
2.693169021226302451e-12
2.591051982445212658e-12
2.492675846512744130e-12
2.398031974124289937e-12
2.307089763379634164e-12
2.219796352342387891e-12
2.136079976557913407e-12
2.055851888295439827e-12
1.979010437999069725e-12
1.905453800381696896e-12
1.835083392222649402e-12
1.767805480543311626e-12
1.703520504144204435e-12
1.642120721111403431e-12
1.583489236218951600e-12
1.527505218225793358e-12
1.474042327303659209e-12
1.422963706846976759e-12
1.374116291648922961e-12
1.327333335210708455e-12
1.282445698623403031e-12
1.239303485623061935e-12
1.197790472161138917e-12
1.157827014437624356e-12
1.119356610949009545e-12
1.082325453061798831e-12
1.046670857876040499e-12
1.012316192889204973e-12
9.791814502462644546e-13
9.471876710940654631e-13
9.162650400739817504e-13
8.863455493942972091e-13
8.573731572105678438e-13
8.292907190419721424e-13
8.020528872557156030e-13
7.756138642740363188e-13
7.499302227851054116e-13
7.249664882976593742e-13
7.006893354446361516e-13
6.770706967130019077e-13
6.540804154533470108e-13
6.316899934363648618e-13
6.098753296875112105e-13
5.886149034266988371e-13
5.678955260760813745e-13
5.477015723293197400e-13
5.280154637303673573e-13
5.088267862121399943e-13
4.901161102511391747e-13
4.718792023998688062e-13
4.541055092051340420e-13
4.367883290112605580e-13
4.199190888240700566e-13
4.034898495972221061e-13
3.874963436848421335e-13
3.719315938593778467e-13
3.567921218586051737e-13
3.420725725433061425e-13
3.277682724851057692e-13
3.138755818888961452e-13
3.003902557863069963e-13
2.873083671631625239e-13
2.746259420776560715e-13
2.623389395445625386e-13
2.504432082279236696e-13
2.389345490433225803e-13
2.278083612382521762e-13
2.170600255885845708e-13
2.066845404320294055e-13
1.966767912586391973e-13
1.870312922475306745e-13
1.777424396638955225e-13
1.688043039975372447e-13
1.602105941975013241e-13
1.519550015650246408e-13
1.440306352132520857e-13
1.364307184842631454e-13
1.291479870280520454e-13
1.221751220390257166e-13
1.155045203135035289e-13
1.091284334378773859e-13
1.030389389298064030e-13
9.722801076524890794e-14
9.168750600602378556e-14
8.640919252050408347e-14
8.138482658900395877e-14
7.660605250799676700e-14
7.206458941351529348e-14
6.775207988457011684e-14
6.366025774860648311e-14
5.978087569887501060e-14
5.610576555580205989e-14
5.262684720170653819e-14
4.933613855868593651e-14
4.622578108953908723e-14
4.328804942108912534e-14
4.051537771459751417e-14
3.790035021662332014e-14
3.543574485206896061e-14
3.311450697736657080e-14
3.092978564399752545e-14
2.887492727032967967e-14
2.694347338094381149e-14
2.512919095765822837e-14
2.342604455639857534e-14
2.182822229805629555e-14
2.033012162614288236e-14
1.892635780433051875e-14
1.761175904299593182e-14
1.638136990446303244e-14
1.523044292709002711e-14
1.415444087137777904e-14
1.314903056577873952e-14
1.221008030494575294e-14
1.133365416700645343e-14
1.051600608333923892e-14
9.753576814443687402e-15
9.042985528825648665e-15
8.381025759177457501e-15
7.764660055887846606e-15
7.191014458214854372e-15
6.657370126657336336e-15
6.161161127736384839e-15
5.699963460276396154e-15
5.271491597818880556e-15
4.873591326017404298e-15
4.504235336791701960e-15
4.161514389492789308e-15
3.843635588935439584e-15
3.548914914905478113e-15
3.275769314958507991e-15
3.022717093507404633e-15
2.788367340063713212e-15
2.571417464280463348e-15
2.370646852315095885e-15
2.184916707915508633e-15
2.013159948679169725e-15
1.854379462054364653e-15
1.707645047837335811e-15
1.572088483284959346e-15
1.446898348331854421e-15
1.331319261994308252e-15
1.224648672192659725e-15
1.126228734076503604e-15
1.035450764536717327e-15
9.517470859245442571e-16
8.745898414657299960e-16
8.034875934340871471e-16
7.379854550307429123e-16
6.776599258520418250e-16
6.221174198006804979e-16
5.709940222295323341e-16
5.239510484777752172e-16
4.806741517588104727e-16
4.408727950206423626e-16
4.042778462941255040e-16
3.706385127300106051e-16
3.397243390477171252e-16
3.113218137292017976e-16
2.852326376406435660e-16
2.612746228003677229e-16
2.392792334276700585e-16
2.190901856428607649e-16
2.005639609175837281e-16
1.835687282535786578e-16
1.679817573913175230e-16
1.536902440507047240e-16
1.405902492828180654e-16
1.285856854210017756e-16
1.175879220299603191e-16
1.075147755277232802e-16
9.829029975786157180e-17
8.984433883776378745e-17
8.211291055995266031e-17
7.503648136871270711e-17
6.856042042524325810e-17
6.263489221691724028e-17
5.721422886839018588e-17
5.225649505890604968e-17
4.772328133379984004e-17
4.357901525808449425e-17
3.979071814312546160e-17
3.632825846899308616e-17
3.316414122044406826e-17
3.027302680033540657e-17
2.763157182196505606e-17
2.521851719356272758e-17
2.301451322413988882e-17
2.100191145126376854e-17
1.916435390542769734e-17
1.748637542763963040e-17
1.595414251984744047e-17
1.455546130466321984e-17
1.327892177951239200e-17
1.211380771744076443e-17
1.105039809861675320e-17
1.007978308154587673e-17
9.193914375905811620e-18
8.385348299800669843e-18
7.647410123305283825e-18
6.974168933268306164e-18
6.360096580035778961e-18
5.800392973515874731e-18
5.290608689649179589e-18
4.826570559632954775e-18
4.404488941215414927e-18
4.020815662955345743e-18
3.672450539425568411e-18
3.356475911446489554e-18
3.070105377414965749e-18
2.810942191671980565e-18
2.576959488512617486e-18
2.366325994694417659e-18
2.176889609139236409e-18
2.006551485534269279e-18
1.853505164932881853e-18
1.716450642574525690e-18
1.594168869594037654e-18
1.485314282368608148e-18
1.388624795902079968e-18
1.302949119435331949e-18
1.227491684440428143e-18
1.161180203242725639e-18
1.103006478100433113e-18
1.052291172727989007e-18
1.008331219175347005e-18
9.705830913569871522e-19
