# bin_4_3
-1.391532476825675948e-11
-1.399853632832899579e-11
-1.408494925423352537e-11
-1.417468360799124851e-11
-1.426786376292308703e-11
-1.436461844488360008e-11
-1.446508090766202711e-11
-1.456938908622695880e-11
-1.467768574613467366e-11
-1.479011859361843929e-11
-1.490684051263905017e-11
-1.502800963242014865e-11
-1.515378950869695506e-11
-1.528434926964502212e-11
-1.541986372791600696e-11
-1.556051363620564529e-11
-1.570648569162624749e-11
-1.585797287408718779e-11
-1.601517440304887750e-11
-1.617829604856599151e-11
-1.634755013595340028e-11
-1.652315589415834480e-11
-1.670533942523841225e-11
-1.689433402191006952e-11
-1.709038014070970898e-11
-1.729372576812187895e-11
-1.750462646267125131e-11
-1.772334537284518578e-11
-1.795015344794130879e-11
-1.818532948412957316e-11
-1.842916045936111541e-11
-1.868194166630122733e-11
-1.894397663955783139e-11
-1.921557733399499591e-11
-1.949706425433044293e-11
-1.978876637575341919e-11
-2.009102113933306172e-11
-2.040417442965495285e-11
-2.072858034605458305e-11
-2.106460119333741198e-11
-2.141260784776410652e-11
-2.177298001061454397e-11
-2.214610567517335650e-11
-2.253238092605505503e-11
-2.293220999019275408e-11
-2.334600526035273878e-11
-2.377418672089620009e-11
-2.421718114352035930e-11
-2.467542183699719671e-11
-2.514934936390468890e-11
-2.563941190986670525e-11
-2.614606425001425533e-11
-2.666976571468864085e-11
-2.721097886447660764e-11
-2.777017188554375267e-11
-2.834781743273982276e-11
-2.894438908222611765e-11
-2.956036035209198063e-11
-3.019620431694388949e-11
-3.085239399566781063e-11
-3.152940283967742185e-11
-3.222770281883486387e-11
-3.294776116897672041e-11
-3.369003629265058466e-11
-3.445497875630084269e-11
-3.524302859515657592e-11
-3.605461172189635349e-11
-3.689014559248301695e-11
-3.775003429294348628e-11
-3.863466907014370146e-11
-3.954442031993043442e-11
-4.047963112904523459e-11
-4.144061776691264213e-11
-4.242766194055254252e-11
-4.344101532441388876e-11
-4.448090041536265749e-11
-4.554750839050099060e-11
-4.664098557215967284e-11
-4.776142855393876665e-11
-4.890887741269516134e-11
-5.008331570922025376e-11
-5.128467136568575466e-11
-5.251282432620466181e-11
-5.376758674108927122e-11
-5.504868986655740097e-11
-5.635577472191619575e-11
-5.768839758242819807e-11
-5.904602725233796603e-11
-6.042804775152374817e-11
-6.183375866963167588e-11
-6.326236090880774077e-11
-6.471293256148282115e-11
-6.618443710564791510e-11
-6.767572781360416293e-11
-6.918552715816162986e-11
-7.071241794852248957e-11
-7.225485103422504840e-11
-7.381113563602065045e-11
-7.537945190699943367e-11
-7.695782282979042684e-11
-7.854410913430836737e-11
-8.013600775386435989e-11
-8.173107989745710935e-11
-8.332673891446033142e-11
-8.492024499776842999e-11
-8.650867751843599093e-11
-8.808898577696962997e-11
-8.965799152713066883e-11
-9.121238795213562977e-11
-9.274872037751707672e-11
-9.426340221718050139e-11
-9.575278982061248163e-11
-9.721318628839744812e-11
-9.864089534534810064e-11
-1.000321504728194266e-10
-1.013831615776326542e-10
-1.026901330987831646e-10
-1.039493790008314172e-10
-1.051573974336863282e-10
-1.063108659608493880e-10
-1.074066492950201354e-10
-1.084418530628149124e-10
-1.094139316921311260e-10
-1.103206263996664392e-10
-1.111600366522956337e-10
-1.119306862909859094e-10
-1.126315682352505185e-10
-1.132621413845415262e-10
-1.138222510309748651e-10
-1.143121735834621700e-10
-1.147326105386660461e-10
-1.150847464758345274e-10
-1.153699990911202816e-10
-1.155899238781300261e-10
-1.157461796248964748e-10
-1.158404395696446874e-10
-1.158743081525703121e-10
-1.158490966055249668e-10
-1.157657615551395274e-10
-1.156246499635892475e-10
-1.154253384991640465e-10
-1.151665431812687886e-10
-1.148459864528033517e-10
-1.144603591661357414e-10
-1.140053179907538147e-10
-1.134757526019436960e-10
-1.128658335398091098e-10
-1.121692496484722979e-10
-1.113795863176986967e-10
-1.104907068591118440e-10
-1.094970940342970272e-10
-1.083940175945976891e-10
-1.071778193041023277e-10
-1.058459809699872135e-10
-1.043971772134704505e-10
-1.028311183941627234e-10
-1.011482770315485667e-10
-9.934975721266911133e-11
-9.743720197416245983e-11
-9.541281728071143192e-11
-9.327919875606377460e-11
-9.103951050116927308e-11
-8.869805814223509398e-11
-8.626076440476752957e-11
-8.373519719600331499e-11
-8.113082947200589380e-11
-7.845888886083264387e-11
-7.573218242459651227e-11
-7.296456365458851498e-11
-7.017061616798705246e-11
-6.736521579000440764e-11
-6.456335204178087081e-11
-6.178013287434343070e-11
-5.903099544956306102e-11
-5.633160112561904154e-11
-5.369685865491381503e-11
-5.114060996573671261e-11
-4.867471030464836738e-11
-4.630826190078568699e-11
-4.404751351576412538e-11
-4.189566906724608044e-11
-3.985307119834888836e-11
-3.791702236105344496e-11
-3.608176481135590125e-11
-3.433876543004378072e-11
-3.267692407441339283e-11
-3.108268065798746174e-11
-2.954066533537018654e-11
-2.803472747515964121e-11
-2.654946061602416240e-11
-2.507150354198417798e-11
-2.359071276465054371e-11
-2.210199963306787694e-11
-2.060605375392575917e-11
-1.910993313497968703e-11
-1.762663618813982453e-11
-1.617369043744324015e-11
-1.477139429057298262e-11
-1.344026853975885052e-11
-1.219870155552595484e-11
-1.105994722759617376e-11
-1.003048146153831805e-11
-9.109501021643032982e-12
-8.288613682712840302e-12
-7.553791155075599751e-12
-6.886634913459526803e-12
-6.268085985570658078e-12
-5.681165936151411049e-12
-5.114354221565402641e-12
-4.563320206837611159e-12
-4.031690631576937806e-12
-3.528509707261447119e-12
-3.065020287512268329e-12
-2.650120311798546195e-12
-2.287131908540298992e-12
-1.973190924208883458e-12
-1.699967087845158287e-12
-1.457275926338494449e-12
-1.236587862233745649e-12
-1.033638500562387263e-12
-8.484302146067616423e-13
-6.836289622625844149e-13
-5.411593683644317774e-13
-4.209052854370617634e-13
-3.198406212939853225e-13
-2.341806276927381279e-13
-1.607531759248399132e-13
-9.841106519799022656e-14
-4.695895353734911035e-14
-6.183195469886994885e-15
2.507719476398505617e-14
4.834533281321844807e-14
6.502638278776712414e-14
7.580425742843184683e-14
8.123735152235534924e-14
8.170741671243233521e-14
7.813139395619939337e-14
7.124129477037774441e-14
6.158016066783064417e-14
4.967525746573556287e-14
3.582354726651398520e-14
2.058124892631873000e-14
4.180362250088466353e-15
-1.288886594292837146e-14
-3.039868603546789792e-14
-4.809187435083064395e-14
-6.573628842987063331e-14
-8.309359678878507227e-14
-1.000217670482546752e-13
-1.163520259025789147e-13
-1.319540840253649250e-13
-1.467254169040333747e-13
-1.605808987479591976e-13
-1.734530408238145782e-13
-1.852907843719994099e-13
-1.960627929654688398e-13
-2.057446702478714001e-13
-2.143291408357383876e-13
-2.218185624512222297e-13
-2.282242971801092519e-13
-2.335705510701966212e-13
-2.378829903338821561e-13
-2.411979727430324121e-13
-2.435531801170918134e-13
-2.449916180790358334e-13
-2.455587594812625240e-13
-2.453036509677174188e-13
-2.442761363974639034e-13
-2.425285533569062243e-13
-2.401134943187281424e-13
-2.370835818328843831e-13
-2.334929833920541734e-13
-2.293936757137747221e-13
-2.248391088082015413e-13
-2.198801357972643063e-13
-2.145670590368038263e-13
-2.089482264171683138e-13
-2.030699063522265116e-13
-1.969766083812302622e-13
-1.907102713773230359e-13
-1.843109658261533727e-13
-1.778161889233829682e-13
-1.712610922759562670e-13
-1.646785079228790668e-13
-1.580985203109439441e-13
-1.515490116202197134e-13
-1.450551433400490446e-13
-1.386396820732646775e-13
-1.323230885787308622e-13
-1.261233511066790163e-13
-1.200563385938191846e-13
-1.141357293836110288e-13
-1.083732147302120238e-13
-1.027784336514680840e-13
-9.735955541411662089e-14
-9.212256006036182782e-14
-8.707251655894388853e-14
-8.221254841914370354e-14
-7.754468218019875792e-14
-7.306988281503799263e-14
-6.878737861697062089e-14
-6.469606018364614422e-14
-6.079339339068785690e-14
-5.707650960317965721e-14
-5.354167324658477972e-14
-5.018478755636350582e-14
-4.700112320745791765e-14
-4.398577957520228354e-14
-4.113333148966327817e-14
-3.843827882922273269e-14
-3.589499533223659161e-14
-3.349743822760357761e-14
-3.123997350867609067e-14
-2.911634455583550397e-14
-2.712063036984060021e-14
-2.524677897514426353e-14
-2.348883201037615091e-14
-2.184102989201009396e-14
-2.029767180254760934e-14
-1.885334977224437969e-14
-1.750274246645354135e-14
-1.624069919624125681e-14
-1.506222385103668603e-14
-1.396268087070929774e-14
-1.293734066830514061e-14
-1.198197560301383274e-14
-1.109242223462183595e-14
-1.026455750686879506e-14
-9.494597295604638803e-15
-8.778847532433788050e-15
-8.113862222067383616e-15
-7.496241731006082619e-15
-6.923025757451619535e-15
-6.391273130615730043e-15
-5.898151768727020957e-15
-5.441128584878999371e-15
-5.017856356845341805e-15
-4.625883088721997585e-15
-4.263087873922524871e-15
-3.927617551018671231e-15
-3.617389826428131920e-15
-3.330601729991569255e-15
-3.065690022745548261e-15
-2.821046975023495936e-15
-2.595071920090043967e-15
-2.386535133892475194e-15
-2.194193451925944769e-15
-2.016701652703340249e-15
-1.853037443126293928e-15
-1.702272341718751525e-15
-1.563310304259742886e-15
-1.435258551621429872e-15
-1.317458567210824867e-15
-1.209033271393590284e-15
-1.109233692585821368e-15
-1.017517845120650171e-15
-9.331928495751674037e-16
-8.555941263677183718e-16
-7.842797119456438239e-16
-7.187508422442458123e-16
-6.584456733911532587e-16
-6.030427349447173516e-16
-5.522572011224514819e-16
-5.056698302924552138e-16
-4.628962288639345658e-16
-4.236679643071249397e-16
-3.877118153078798010e-16
-3.547673425015616285e-16
-3.246033537273218530e-16
-2.969710727917367134e-16
-2.716477249658273363e-16
-2.484485475563967403e-16
-2.271978589834762679e-16
-2.077361734316590007e-16
-1.899177341870751652e-16
-1.736081898891403469e-16
-1.586890475407911789e-16
-1.450549053052138239e-16
-1.326049265431018370e-16
-1.212279513881578684e-16
-1.108272215203885594e-16
-1.013382921875078741e-16
-9.270105236554807861e-17
-8.484720774073775292e-17
-7.769159772634492060e-17
-7.114652246328628272e-17
-6.515368097128988215e-17
-5.966845389885760771e-17
-5.464295658731718477e-17
-5.003600903175903891e-17
-4.582826720129618608e-17
-4.200236492331081097e-17
-3.851898926899383154e-17
-3.533212349521061613e-17
-3.240412916015602751e-17
-2.970720143352124647e-17
-2.722634926876117918e-17
-2.495769219611665598e-17
-2.289822491287057699e-17
-2.103777718280855342e-17
