# bin_1_3
-5.154060847529080282e-12
-5.184356835479606635e-12
-5.215809624307510435e-12
-5.248461867498836516e-12
-5.282357714887639484e-12
-5.317542790097236831e-12
-5.354064252843484184e-12
-5.391970853391118789e-12
-5.431312959356472850e-12
-5.472142564434868764e-12
-5.514513395302371871e-12
-5.558480888390686583e-12
-5.604102273226123315e-12
-5.651436612205749544e-12
-5.700544802584265519e-12
-5.751489685605554836e-12
-5.804335955095248365e-12
-5.859150342561678841e-12
-5.916001519426548623e-12
-5.974960272573349730e-12
-6.036099402182361510e-12
-6.099493867036769108e-12
-6.165220645509281922e-12
-6.233358909955934724e-12
-6.303989927948881554e-12
-6.377197233189311765e-12
-6.453066547788858693e-12
-6.531685725728071981e-12
-6.613144855088069337e-12
-6.697536166727459962e-12
-6.784954118586998000e-12
-6.875495345520651868e-12
-6.969258487191105463e-12
-7.066344239181895254e-12
-7.166855420801295231e-12
-7.270896858637520372e-12
-7.378575231642643535e-12
-7.489999041283194181e-12
-7.605278651204564107e-12
-7.724526103230011625e-12
-7.847854807760225483e-12
-7.975379638584393477e-12
-8.107216790219782401e-12
-8.243483391983571220e-12
-8.384297296840378658e-12
-8.529777179234628377e-12
-8.680042140939500857e-12
-8.835211200995247072e-12
-8.995403393857326644e-12
-9.160737468339755528e-12
-9.331331088107667361e-12
-9.507300901702097589e-12
-9.688762136524224982e-12
-9.875827667490788369e-12
-1.006860815841019569e-11
-1.026721129613264283e-11
-1.047174096869324031e-11
-1.068229743569435920e-11
-1.089897579727839087e-11
-1.112186533742770639e-11
-1.135104969108731147e-11
-1.158660523698838810e-11
-1.182860082617331407e-11
-1.207709651481404818e-11
-1.233214258366164677e-11
-1.259377907612888338e-11
-1.286203358640156344e-11
-1.313692200746784601e-11
-1.341844586867300140e-11
-1.370659126357390499e-11
-1.400132813481308130e-11
-1.430260793486798581e-11
-1.461036388566754673e-11
-1.492450684916158539e-11
-1.524492648920792091e-11
-1.557148773012567901e-11
-1.590403015819308798e-11
-1.624236579390736160e-11
-1.658627725910346102e-11
-1.693551620268424465e-11
-1.728980093549872803e-11
-1.764881521984021414e-11
-1.801220543436776897e-11
-1.837957967301855603e-11
-1.875050427989062557e-11
-1.912450301409939619e-11
-1.950105478441246509e-11
-1.987959229706152229e-11
-2.025949919110133132e-11
-2.064010924608197114e-11
-2.102070301054556165e-11
-2.140050763143272826e-11
-2.177869394402715359e-11
-2.215437570451039444e-11
-2.252660742530535971e-11
-2.289438429010535487e-11
-2.325663943045130787e-11
-2.361224556899948760e-11
-2.396001235514171869e-11
-2.429868799710879837e-11
-2.462695947589203352e-11
-2.494345437148348841e-11
-2.524674345029373544e-11
-2.553534251675859475e-11
-2.580771745746676709e-11
-2.606228894920516971e-11
-2.629743997820083865e-11
-2.651152304714661407e-11
-2.670287032460273104e-11
-2.686980456021433829e-11
-2.701065427109939051e-11
-2.712376787251932132e-11
-2.720752895579834776e-11
-2.726037603173917731e-11
-2.728082202329785337e-11
-2.726747773109376561e-11
-2.721907751547894492e-11
-2.713451561713415142e-11
-2.701287454400231612e-11
-2.685345720400052187e-11
-2.665581109562633130e-11
-2.641975890713916067e-11
-2.614542833651750921e-11
-2.583327635267813201e-11
-2.548411477395435654e-11
-2.509913389794502177e-11
-2.467991002126054063e-11
-2.422840654903143227e-11
-2.374696578321707258e-11
-2.323829620569924279e-11
-2.270544544391880820e-11
-2.215175911185155624e-11
-2.158082603272814729e-11
-2.099641293290718251e-11
-2.040239037203215642e-11
-1.980265019286118933e-11
-1.920100705229793390e-11
-1.860109262399115203e-11
-1.800623691355705731e-11
-1.741935540008473348e-11
-1.684283123328620296e-11
-1.627842766984896741e-11
-1.572721735419648575e-11
-1.518956242071037376e-11
-1.466514254179288048e-11
-1.415304143451669806e-11
-1.365189033826745932e-11
-1.316006235716253442e-11
-1.267588997134100534e-11
-1.219788822741535651e-11
-1.172495823002416533e-11
-1.125654256951449874e-11
-1.079270953654972104e-11
-1.033415994498888859e-11
-9.882128120067882836e-12
-9.438196271075813353e-12
-9.004046404838114103e-12
-8.581191566101803087e-12
-8.170748003155278580e-12
-7.773319944750918439e-12
-7.389014923600569389e-12
-7.017583714855734649e-12
-6.658639400078426301e-12
-6.311906949070047212e-12
-5.977387568498053477e-12
-5.655412998210164268e-12
-5.346505205868670409e-12
-5.051163029146692545e-12
-4.769625498356130772e-12
-4.501769896334095927e-12
-4.247142788812583372e-12
-4.005128961933777631e-12
-3.775148001734783720e-12
-3.556777362825388345e-12
-3.349754325423049177e-12
-3.153904301230051679e-12
-2.969045977551074138e-12
-2.794954615297877189e-12
-2.631313367939280755e-12
-2.477683412182939764e-12
-2.333487138035254872e-12
-2.198073321268221159e-12
-2.070853567949386553e-12
-1.951407413664132901e-12
-1.839476090157555933e-12
-1.734847752966142790e-12
-1.637247178413973409e-12
-1.546297845306530106e-12
-1.461540957155813861e-12
-1.382485444978797898e-12
-1.308668957834137428e-12
-1.239699479093422975e-12
-1.175260792847655242e-12
-1.115090689449246711e-12
-1.058963899787559372e-12
-1.006672975436490741e-12
-9.580113804790473369e-13
-9.127640916589728161e-13
-8.707055684049245220e-13
-8.316077414173412192e-13
-7.952469186884815798e-13
-7.614105073492386937e-13
-7.298956919236395195e-13
-7.005079374278815351e-13
-6.730606305083162814e-13
-6.473726619831850045e-13
-6.232706315461064151e-13
-6.005899898810790371e-13
-5.791778309237399756e-13
-5.588996761714891764e-13
-5.396490199033632794e-13
-5.213413089494367053e-13
-5.039013805723003685e-13
-4.872561452419074575e-13
-4.713329569569350492e-13
-4.560572637993795859e-13
-4.413534899237153054e-13
-4.271515074490946410e-13
-4.133903305774156856e-13
-4.000219699022326761e-13
-3.870097110774470231e-13
-3.743244027707539267e-13
-3.619414895417325929e-13
-3.498383469490234829e-13
-3.379922604410741987e-13
-3.263832778571185813e-13
-3.149956086585327067e-13
-3.038195128270575239e-13
-2.928491584521902390e-13
-2.820811779524776792e-13
-2.715127543420575785e-13
-2.611424165831869243e-13
-2.509703179186117141e-13
-2.409987503959661372e-13
-2.312310419785575912e-13
-2.216714255287409190e-13
-2.123238477066659341e-13
-2.031927235421728782e-13
-1.942827814582630617e-13
-1.855985566628958425e-13
-1.771447026961868282e-13
-1.689250733937335190e-13
-1.609435115428804678e-13
-1.532028827321620688e-13
-1.457057593500263730e-13
-1.384540356811455130e-13
-1.314488572875195373e-13
-1.246906772875850060e-13
-1.181793306769061586e-13
-1.119139105313741966e-13
-1.058928462527104764e-13
-1.001139376702040514e-13
-9.457437584380117582e-14
-8.927077145262462169e-14
-8.419920758608200812e-14
-7.935527853047454581e-14
-7.473414223432316716e-14
-7.033054974644548011e-14
-6.613893224787495157e-14
-6.215339760462842937e-14
-5.836783624638586663e-14
-5.477591644719680121e-14
-5.137116091286502976e-14
-4.814698259164661538e-14
-4.509670788045101178e-14
-4.221363381486658202e-14
-3.949105109574401420e-14
-3.692228229891148997e-14
-3.450069789495591795e-14
-3.221975901371931326e-14
-3.007302221373703143e-14
-2.805417060579258152e-14
-2.615702673879146623e-14
-2.437556977628406621e-14
-2.270394893508626377e-14
-2.113648402672002908e-14
-1.966769267498453775e-14
-1.829227165491273525e-14
-1.700511499477337429e-14
-1.580131469243074977e-14
-1.467616145637148632e-14
-1.362513954894114400e-14
-1.264393575916733058e-14
-1.172843425448792472e-14
-1.087470409826598811e-14
-1.007901044504336406e-14
-9.337799929053495901e-15
-8.647699480179201369e-15
-8.005505475793389974e-15
-7.408191559499570997e-15
-6.852887725613155183e-15
-6.336879857516295660e-15
-5.857612068264311714e-15
-5.412670568434306295e-15
-4.999779839156510666e-15
-4.616800405104036875e-15
-4.261721024287457412e-15
-3.932644715572452575e-15
-3.627794855677329030e-15
-3.345503081990954238e-15
-3.084200701036469529e-15
-2.842420881223768587e-15
-2.618791345563085616e-15
-2.412026673667739830e-15
-2.220925151084236920e-15
-2.044366829867236194e-15
-1.881301478862111286e-15
-1.730751090580955402e-15
-1.591804581646402521e-15
-1.463610973537717091e-15
-1.345377316379883258e-15
-1.236364832365629728e-15
-1.135886045983318398e-15
-1.043301676910662041e-15
-9.580183330751135599e-16
-8.794839868610805659e-16
-8.071875252062643083e-16
-7.406555948332485047e-16
-6.794489304253468205e-16
-6.231598754928679437e-16
-5.714101923159114340e-16
-5.238482536060114290e-16
-4.801484594534464027e-16
-4.400093422905032397e-16
-4.031508150468201812e-16
-3.693133092328017334e-16
-3.382564552047536752e-16
-3.097579554663558336e-16
-2.836120128050671258e-16
-2.596285231935631652e-16
-2.376326548943899576e-16
-2.174629450120999428e-16
-1.989716303081748572e-16
-1.820227544676174418e-16
-1.664907217636081935e-16
-1.522604535295789759e-16
-1.392267217811676773e-16
-1.272922011081657839e-16
-1.163671417805084436e-16
-1.063686417433118512e-16
-9.722012223561919167e-17
-8.885114232690383402e-17
-8.119672293760588625e-17
-7.419684169136357633e-17
-6.779606777449266208e-17
-6.194373191400804548e-17
-5.659312188146634563e-17
-5.170135925071669865e-17
-4.722921790197497475e-17
-4.314067803534320754e-17
-3.940282966805297519e-17
-3.598595742886716200e-17
-3.286329897801208803e-17
-3.000966094242523993e-17
-2.740198335697350034e-17
-2.501943215125302923e-17
-2.284276837671659034e-17
-2.085425912237650840e-17
-1.903745637841779391e-17
-1.737797512819034639e-17
-1.586260854308540128e-17
-1.447956055918240008e-17
-1.321797652529065259e-17
-1.206666335526241652e-17
-1.101590178808273357e-17
-1.005718013477107518e-17
-9.182345446579141635e-18
-8.383747636207505171e-18
-7.654529509639011887e-18
-6.988209060816326831e-18
-6.379152933522316871e-18
-5.822554598019795449e-18
-5.314451560253132290e-18
-4.851102542667473257e-18
-4.429268793996029392e-18
-4.045940003689482329e-18
-3.698667134463228841e-18
-3.385154355128150095e-18
-3.103239342609699043e-18
-2.850997941876540436e-18
-2.625877727125391574e-18
-2.425930057956921149e-18
-2.248942086408215460e-18
-2.093071248366543928e-18
-1.956521005273021797e-18
-1.837482418220125124e-18
-1.734230210437754553e-18
-1.645261058547767249e-18
-1.568838008294989533e-18
-1.503607142244130980e-18
-1.448070188141587388e-18
-1.401009894192149867e-18
-1.361346426466807827e-18
-1.328089968010660263e-18
-1.300354277002241000e-18
-1.277286153183402033e-18
-1.258200952959618198e-18
-1.242474734220815074e-18
-1.229605444809609350e-18
-1.219118729743145711e-18
