# bin_4_1
-2.619625197634598973e-09
-2.628185020785881495e-09
-2.637042106882666790e-09
-2.646205249293646736e-09
-2.655683367973523298e-09
-2.665485256884278684e-09
-2.675619581249941147e-09
-2.686094934286000378e-09
-2.696919835787245592e-09
-2.708103091851919767e-09
-2.719653866236882305e-09
-2.731581501204439341e-09
-2.743895874751980579e-09
-2.756606831681733251e-09
-2.769723835270342526e-09
-2.783256173853670963e-09
-2.797213328126262874e-09
-2.811605419717778218e-09
-2.826443189631365674e-09
-2.841739108581546257e-09
-2.857505839958388335e-09
-2.873754744223626754e-09
-2.890494894571345497e-09
-2.907735789553452536e-09
-2.925490309420283632e-09
-2.943774952682304761e-09
-2.962604481870896209e-09
-2.981987678462700096e-09
-3.001932246857585197e-09
-3.022451873780271955e-09
-3.043565247516082295e-09
-3.065285738192101145e-09
-3.087618392229490183e-09
-3.110570698481612128e-09
-3.134155667814211426e-09
-3.158383025614556047e-09
-3.183258757016686974e-09
-3.208792669789597661e-09
-3.234993410132919967e-09
-3.261865046174544543e-09
-3.289423792765843947e-09
-3.317692402656510686e-09
-3.346682742128458626e-09
-3.376413336486824058e-09
-3.406924557924244127e-09
-3.438247455568764971e-09
-3.470396591517320392e-09
-3.503398552436662401e-09
-3.537285043102759569e-09
-3.572059783607517893e-09
-3.607714541987272578e-09
-3.644254050528480888e-09
-3.681658255109577509e-09
-3.719897325594417284e-09
-3.758966018845204941e-09
-3.798842804508364448e-09
-3.839511399290138974e-09
-3.880964698209675569e-09
-3.923192726776000217e-09
-3.966199196392434945e-09
-4.009964602026209820e-09
-4.054491684419025649e-09
-4.099798105611940342e-09
-4.145905810891512056e-09
-4.192881742174405951e-09
-4.240769150078093879e-09
-4.289631457517102923e-09
-4.339496017210311681e-09
-4.390354633640871851e-09
-4.442213540158554557e-09
-4.495005129938812819e-09
-4.548676938615628530e-09
-4.603148149279021108e-09
-4.658313517010191845e-09
-4.714119822183378668e-09
-4.770510685715355670e-09
-4.827496811584550680e-09
-4.885121023986277438e-09
-4.943433367074653097e-09
-5.002475872353565296e-09
-5.062264618913803242e-09
-5.122770679374900244e-09
-5.183913177369713139e-09
-5.245600038905510527e-09
-5.307748521733019507e-09
-5.370257277246719306e-09
-5.433065337088236624e-09
-5.496061089090550318e-09
-5.559163804071834236e-09
-5.622300832394488615e-09
-5.685428110195403158e-09
-5.748549731550141227e-09
-5.811634701160168339e-09
-5.874634871271357980e-09
-5.937352375252805325e-09
-5.999594861492446098e-09
-6.061120333986249831e-09
-6.121783580358161091e-09
-6.181494741908421420e-09
-6.240193197127396454e-09
-6.297815012822750505e-09
-6.354210648774815151e-09
-6.409181508633367238e-09
-6.462461769276627101e-09
-6.513790793700759021e-09
-6.562998305909748932e-09
-6.609931312208982090e-09
-6.654440894573268672e-09
-6.696345318260532414e-09
-6.735438706757506075e-09
-6.771467380600228203e-09
-6.804156065966639904e-09
-6.833243798759871637e-09
-6.858565450742481477e-09
-6.879950023368962389e-09
-6.897220594482587519e-09
-6.910092973576171309e-09
-6.918297172679764496e-09
-6.921613021737424487e-09
-6.919892028382852723e-09
-6.912959551497513659e-09
-6.900619407302533580e-09
-6.882659823991313459e-09
-6.858876132400881930e-09
-6.829139989039239243e-09
-6.793338996114121093e-09
-6.751351387418291600e-09
-6.703048379757376086e-09
-6.648306745154421019e-09
-6.587120792473689722e-09
-6.519443369553308301e-09
-6.445278193758059677e-09
-6.364616753807678300e-09
-6.277528587130235478e-09
-6.184123640814203001e-09
-6.084542831240898877e-09
-5.978933957024918794e-09
-5.867539267033082683e-09
-5.750621153779555821e-09
-5.628499713334597800e-09
-5.501516587360360942e-09
-5.370084604036235189e-09
-5.234652394650173253e-09
-5.095704797482149867e-09
-4.953762775453118082e-09
-4.809383971032079760e-09
-4.663139672135454088e-09
-4.515612388615284330e-09
-4.367387933486949507e-09
-4.219051429816048045e-09
-4.071164987701199244e-09
-3.924277264643673479e-09
-3.778906984193427603e-09
-3.635534944953019204e-09
-3.494600574400672166e-09
-3.356492703073905199e-09
-3.221546537639511288e-09
-3.090034514303577080e-09
-2.962170982176092307e-09
-2.838103190769187285e-09
-2.717917352520207611e-09
-2.601629342374510246e-09
-2.489192425100624569e-09
-2.380497483333611635e-09
-2.275383816475347130e-09
-2.173647490628515013e-09
-2.075055235534987787e-09
-1.979361799345484482e-09
-1.886329455390073759e-09
-1.795749096077021964e-09
-1.707457488379576550e-09
-1.621349030276090152e-09
-1.537380675969995752e-09
-1.455573082368548179e-09
-1.376001903837280098e-09
-1.298790237236951698e-09
-1.224094723369933189e-09
-1.152094037730789950e-09
-1.082975484218370740e-09
-1.016919429055456090e-09
-9.540809958819009514e-10
-8.945703956222138854e-10
-8.384373890653904502e-10
-7.856615652711348086e-10
-7.361557322786299594e-10
-6.897808077453299816e-10
-6.463705448086092870e-10
-6.057532749691507246e-10
-5.677725737959568192e-10
-5.322873191954785352e-10
-4.991614990677012994e-10
-4.682411671560740261e-10
-4.393498182920498398e-10
-4.122950885213519540e-10
-3.868986945062271535e-10
-3.630233073632206226e-10
-3.405936417742265632e-10
-3.195917864414622752e-10
-3.000322626663929580e-10
-2.819242701838973368e-10
-2.652386115251022785e-10
-2.498986345916584696e-10
-2.357847794243641641e-10
-2.227620339598781339e-10
-2.106981693206730334e-10
-1.994940329917285259e-10
-1.890824430788484356e-10
-1.794289322237187241e-10
-1.705020380380576813e-10
-1.622588608386664854e-10
-1.546449081884799637e-10
-1.476040767769347801e-10
-1.410863361539587901e-10
-1.350459372173343279e-10
-1.294390316000264610e-10
-1.242244326136054327e-10
-1.193628071219120115e-10
-1.148272816210687170e-10
-1.105877881072231501e-10
-1.066160514524700739e-10
-1.028857450476790385e-10
-9.936717381934735905e-11
-9.604068475861628948e-11
-9.288572391734375963e-11
-8.988383545060627798e-11
-8.701756682137566992e-11
-8.427159185118277441e-11
-8.163266063468872168e-11
-7.908786120434951085e-11
-7.662702089881915493e-11
-7.424072451925501509e-11
-7.192036890042346336e-11
-6.965906177223690056e-11
-6.745059864629171560e-11
-6.528992382082979351e-11
-6.317281780340774315e-11
-6.109571590423649574e-11
-5.905590341124630355e-11
-5.705123738725018990e-11
-5.508017909503646594e-11
-5.314158692728968217e-11
-5.123490986441845859e-11
-4.935980011858963928e-11
-4.751634792531619503e-11
-4.570485593201458092e-11
-4.392585293209177477e-11
-4.218005025945065960e-11
-4.046825987905078242e-11
-3.879142678670964286e-11
-3.715049913275685911e-11
-3.554649079737120021e-11
-3.398038491713591341e-11
-3.245314914564825330e-11
-3.096567426541448456e-11
-2.951882505629013070e-11
-2.811333392552988508e-11
-2.674984982480205288e-11
-2.542893996725563064e-11
-2.415099658972539134e-11
-2.291634282455347563e-11
-2.172514344069644604e-11
-2.057744760291428489e-11
-1.947316623739455806e-11
-1.841209710257609873e-11
-1.739390759816652951e-11
-1.641814953392151490e-11
-1.548427011037644186e-11
-1.459160579970854915e-11
-1.373941446728559373e-11
-1.292685087656957652e-11
-1.215301035317832592e-11
-1.141690542316519128e-11
-1.071750224848540686e-11
-1.005371324307677114e-11
-9.424408264098579478e-12
-8.828432186349774891e-12
-8.264597955736490048e-12
-7.731709008752368787e-12
-7.228557190872572110e-12
-6.753932259407369370e-12
-6.306626376735444802e-12
-5.885443825214189088e-12
-5.489200027806724480e-12
-5.116734263851427920e-12
-4.766904026180367059e-12
-4.438591448041976250e-12
-4.130712086713166121e-12
-3.842206354274407708e-12
-3.572053410304501764e-12
-3.319262340681432229e-12
-3.082877727991910040e-12
-2.861981190080579114e-12
-2.655690064365549969e-12
-2.463159618076024869e-12
-2.283581548275403079e-12
-2.116184509799503450e-12
-1.960232118195570310e-12
-1.815024379378069452e-12
-1.679895048980055721e-12
-1.554211610684949672e-12
-1.437372988337926157e-12
-1.328812274791134846e-12
-1.227993969268256290e-12
-1.134409930428142717e-12
-1.047583107999406258e-12
-9.670617675221646151e-13
-8.924216661970868765e-13
-8.232635280452572292e-13
-7.592131501247329738e-13
-6.999177575962903951e-13
-6.450463475189244372e-13
-5.942896376953561681e-13
-5.473587895631267914e-13
-5.039814537538891730e-13
-4.639034006284557373e-13
-4.268886190155816958e-13
-3.927140821045323846e-13
-3.611733953004516135e-13
-3.320734177958573842e-13
-3.052362243682738376e-13
-2.804923858361848278e-13
-2.576868106557755437e-13
-2.366757683638641618e-13
-2.173223849837305786e-13
-1.995027013057238847e-13
-1.831003317699595653e-13
-1.680064373658909161e-13
-1.541208906933409643e-13
-1.413507627728468270e-13
-1.296095896671322783e-13
-1.188163022320958681e-13
-1.088986633232892244e-13
-9.978670996538116963e-14
-9.141731531131281194e-14
-8.373220795013342028e-14
-7.667687749015075459e-14
-7.020116523727433259e-14
-6.425955529623041566e-14
-5.880943735923907527e-14
-5.381193817614987407e-14
-4.923113220594023634e-14
-4.503417325038627962e-14
-4.119032583208761514e-14
-3.767060056966920489e-14
-3.444839241989308412e-14
-3.149878080322652639e-14
-2.879901784468823301e-14
-2.632798567751966006e-14
-2.406648329381650190e-14
-2.199709270008509340e-14
-2.010397916756401872e-14
-1.837281235148138457e-14
-1.679029786138729423e-14
-1.534392126565118971e-14
-1.402198736642623781e-14
-1.281392672221746842e-14
-1.171011502213543815e-14
-1.070168699165141592e-14
-9.780488878622299297e-15
-8.939022147703753957e-15
-8.170530946562502800e-15
-7.468873296428965140e-15
-6.828323714264133796e-15
-6.243425248729156750e-15
-5.709300607329421640e-15
-5.221702176611896084e-15
-4.776730475771544353e-15
-4.370646125005220721e-15
-4.000047842356195370e-15
-3.661849598209852350e-15
-3.353308508772577322e-15
-3.071793698922092067e-15
-2.814847337475968991e-15
-2.580325093716566653e-15
-2.366282838909437809e-15
-2.171116206882765998e-15
-1.993338873155973706e-15
-1.831455720149258760e-15
-1.684073577420102507e-15
-1.549917457654504140e-15
-1.427922675603378851e-15
-1.317053460140945326e-15
-1.216283454683810630e-15
-1.124735756621484052e-15
-1.041759161482181036e-15
-9.668131358680994721e-16
-8.991895618722495414e-16
-8.380715809741286753e-16
-7.827673971395227837e-16
-7.328221263097716514e-16
-6.878244200876868155e-16
-6.472981922340357595e-16
-6.107906028233580304e-16
-5.779893650885994991e-16
-5.488129843073805125e-16
-5.229481041412596201e-16
-5.000056762670385111e-16
-4.797594823077505785e-16
-4.619764561177600041e-16
-4.466133771864097025e-16
