# bin_1_4
-1.944308785664879948e-12
-1.955974347538654902e-12
-1.968088969431730876e-12
-1.980669512569209735e-12
-1.993733438968076145e-12
-2.007298831333239160e-12
-2.021384411461756397e-12
-2.036009558927304017e-12
-2.051194331985051901e-12
-2.066959487781452663e-12
-2.083326504007485866e-12
-2.100317600110709632e-12
-2.117955759057564664e-12
-2.136264748958462017e-12
-2.155269143267323628e-12
-2.174994341474561125e-12
-2.195466590067132194e-12
-2.216713004124238390e-12
-2.238761592021858501e-12
-2.261641278345126044e-12
-2.285381924821232459e-12
-2.310014347053412472e-12
-2.335570335487413131e-12
-2.362082681855642117e-12
-2.389585202970648498e-12
-2.418112761655592445e-12
-2.447701288860630618e-12
-2.478387790507382976e-12
-2.510210369978894410e-12
-2.543208244770107183e-12
-2.577421766970243918e-12
-2.612892431975456963e-12
-2.649662894920307586e-12
-2.687776975819897096e-12
-2.727279672576651895e-12
-2.768217150999588057e-12
-2.810636736913698544e-12
-2.854586945572231946e-12
-2.900117499681902340e-12
-2.947279294255096490e-12
-2.996124370479221331e-12
-3.046705948360731322e-12
-3.099078412907996791e-12
-3.153297234448482580e-12
-3.209418974517046565e-12
-3.267501311135900321e-12
-3.327602898830632919e-12
-3.389783295263813025e-12
-3.454103033656843477e-12
-3.520623511718241625e-12
-3.589406856450410507e-12
-3.660515923789885561e-12
-3.734014098639266187e-12
-3.809965093139543501e-12
-3.888432982836259104e-12
-3.969482103394552300e-12
-4.053176902570509121e-12
-4.139581847109212044e-12
-4.228760967151094814e-12
-4.320777796773734729e-12
-4.415695303922778816e-12
-4.513575510887407835e-12
-4.614479520579637352e-12
-4.718467024651944054e-12
-4.825596043248351607e-12
-4.935922807986853548e-12
-5.049501261780782374e-12
-5.166382947359012769e-12
-5.286616271568221726e-12
-5.410246368187459041e-12
-5.537314362975605077e-12
-5.667856934490236187e-12
-5.801906408227554997e-12
-5.939489701128386232e-12
-6.080628489975018548e-12
-6.225337908759058528e-12
-6.373626556324448685e-12
-6.525495306661300544e-12
-6.680937021792782773e-12
-6.839935502997081207e-12
-7.002464992492283882e-12
-7.168488791422352321e-12
-7.337958228299378451e-12
-7.510813138749679040e-12
-7.686980691255574889e-12
-7.866374343928263497e-12
-8.048892585290539117e-12
-8.234418449134840043e-12
-8.422818142221718578e-12
-8.613940210913746344e-12
-8.807613483876130484e-12
-9.003647472351226382e-12
-9.201830610432849123e-12
-9.401929696778857250e-12
-9.603688254942035045e-12
-9.806825899701802382e-12
-1.001103668141195779e-11
-1.021598785111858118e-11
-1.042131838296789696e-11
-1.062663831518061840e-11
-1.083152878689237334e-11
-1.103553968754457149e-11
-1.123819064451119838e-11
-1.143896851932079403e-11
-1.163732856674711850e-11
-1.183269267430780701e-11
-1.202445101242207811e-11
-1.221195901629048269e-11
-1.239453817712076060e-11
-1.257147469180348168e-11
-1.274202216962608656e-11
-1.290540187976163752e-11
-1.306080294814144101e-11
-1.320738474873981753e-11
-1.334427692328360064e-11
-1.347058541070859300e-11
-1.358539320592243543e-11
-1.368776637024203195e-11
-1.377675833146799521e-11
-1.385141930553177475e-11
-1.391080300587656751e-11
-1.395397494554628004e-11
-1.398002171633023299e-11
-1.398806273079155881e-11
-1.397726485109826092e-11
-1.394685824016596151e-11
-1.389615218718796466e-11
-1.382455146879786938e-11
-1.373157284488488700e-11
-1.361686125023587382e-11
-1.348020480038604152e-11
-1.332155643481809426e-11
-1.314105701135904171e-11
-1.293906404562877245e-11
-1.271617774676455206e-11
-1.247325985123453114e-11
-1.221143366934608672e-11
-1.193207168410742558e-11
-1.163678446721377048e-11
-1.132741121434641171e-11
-1.100601717576198357e-11
-1.067488010306937474e-11
-1.033647135637221841e-11
-9.993403352028559603e-12
-9.648361113359313563e-12
-9.304027519727258833e-12
-8.963013453632022606e-12
-8.627791617308663894e-12
-8.300627967763994835e-12
-7.983510751431618819e-12
-7.678070839465769984e-12
-7.385504380829002922e-12
-7.106499875504531696e-12
-6.841180392837209185e-12
-6.589062066230249506e-12
-6.349047235554694870e-12
-6.119456595264610223e-12
-5.898111344926970540e-12
-5.682478487777949419e-12
-5.469864174800558057e-12
-5.257662112737789832e-12
-5.043629868052876285e-12
-4.826164782172321165e-12
-4.604539467469874170e-12
-4.379049596904324396e-12
-4.151035778929128140e-12
-3.922762427960274561e-12
-3.697175613301724711e-12
-3.477551511689083023e-12
-3.267085575137857885e-12
-3.068467592155875310e-12
-2.883489301369507631e-12
-2.712762717058346176e-12
-2.555623199792574161e-12
-2.410273316090815961e-12
-2.274182281167935255e-12
-2.144685102642601154e-12
-2.019614414545651014e-12
-1.897787568787914341e-12
-1.779201958525357023e-12
-1.664875710125436505e-12
-1.556359550398734969e-12
-1.455107036474868113e-12
-1.361878177328073990e-12
-1.276467672170255699e-12
-1.197825090167468803e-12
-1.124538146313169288e-12
-1.055403595161380940e-12
-9.898260174266798063e-13
-9.278397951805287915e-13
-8.697930998442470452e-13
-8.159259080660277764e-13
-7.661330711454111943e-13
-7.200091298884892692e-13
-6.771144764026832317e-13
-6.371692100776393910e-13
-6.000681224618337668e-13
-5.657472303354568208e-13
-5.340750497702938547e-13
-5.048571086182200902e-13
-4.778921393699526629e-13
-4.530097547638087899e-13
-4.300574537282745046e-13
-4.088887694377871827e-13
-3.893677454034680033e-13
-3.713705229938545336e-13
-3.547843029753787478e-13
-3.395051762417887648e-13
-3.254259750015021998e-13
-3.124308120330798461e-13
-3.004091845305643934e-13
-2.892623638302560404e-13
-2.788992351523391086e-13
-2.692386333856884443e-13
-2.602128411577239872e-13
-2.517592282427590742e-13
-2.438147159651122867e-13
-2.363206312657997935e-13
-2.292233839472456308e-13
-2.224765420554431197e-13
-2.160359966642339031e-13
-2.098597058185771544e-13
-2.039105087291840659e-13
-1.981568817291362947e-13
-1.925714155713360677e-13
-1.871308467635770857e-13
-1.818144663532895020e-13
-1.766041814118998700e-13
-1.714840033149799515e-13
-1.664408191118484916e-13
-1.614639538815094147e-13
-1.565456427411159523e-13
-1.516800489082403568e-13
-1.468631867063792616e-13
-1.420921897829417543e-13
-1.373656194911565244e-13
-1.326834564949252027e-13
-1.280470970379327550e-13
-1.234589907609432350e-13
-1.189222100994079908e-13
-1.144403959133134453e-13
-1.100176453715568648e-13
-1.056585572917625178e-13
-1.013680126101363571e-13
-9.715100904839480796e-14
-9.301245689271610855e-14
-8.895724804177915628e-14
-8.499007283915178405e-14
-8.111538908225297673e-14
-7.733731568633161750e-14
-7.365961992533633876e-14
-7.008566764128995641e-14
-6.661834944978690341e-14
-6.326008402049305139e-14
-6.001277481191472187e-14
-5.687782478064549971e-14
-5.385612842492825077e-14
-5.094810739328539263e-14
-4.815371484384167253e-14
-4.547246644811121787e-14
-4.290348198536422890e-14
-4.044547842901278370e-14
-3.809686925546272004e-14
-3.585571921039314671e-14
-3.371987405598637773e-14
-3.168691957324537322e-14
-2.975424937461914306e-14
-2.791907402866238256e-14
-2.617845011613653163e-14
-2.452931842142653215e-14
-2.296852128061811365e-14
-2.149284886594782503e-14
-2.009903927233939723e-14
-1.878382744994365033e-14
-1.754393160543761111e-14
-1.637610429642282149e-14
-1.527711681833269575e-14
-1.424379435700087022e-14
-1.327302384953920876e-14
-1.236175041185422789e-14
-1.150699905004820768e-14
-1.070586221774514955e-14
-9.955521889003447163e-15
-9.253240499320895252e-15
-8.596383575996048534e-15
-7.982413107679804383e-15
-7.408893858554873550e-15
-6.873492132664033768e-15
-6.373976383728210427e-15
-5.908216586531193425e-15
-5.474172054781360880e-15
-5.069916562368577727e-15
-4.693611031771271960e-15
-4.343512876108875471e-15
-4.017970347794159552e-15
-3.715418993795676937e-15
-3.434371818047780970e-15
-3.173425628932083468e-15
-2.931258206373986013e-15
-2.706615857709446264e-15
-2.498321661108375244e-15
-2.305269837937307129e-15
-2.126420853129715902e-15
-1.960795726244548194e-15
-1.807484922484229328e-15
-1.665631261728661844e-15
-1.534429582628645113e-15
-1.413130998636536328e-15
-1.301031328022816302e-15
-1.197469480895446866e-15
-1.101830954798977755e-15
-1.013542844771338193e-15
-9.320651471998834531e-16
-8.568986229009791146e-16
-7.875791521419806305e-16
-7.236703396977635450e-16
-6.647683660862693069e-16
-6.104998988316526048e-16
-5.605150235008010028e-16
-5.144891875820461219e-16
-4.721256445711258463e-16
-4.331443803178327232e-16
-3.972852242551630205e-16
-3.643099934369483876e-16
-3.339949144883327200e-16
-3.061312554205042555e-16
-2.805284417191620855e-16
-2.570089505088262795e-16
-2.354086572518655362e-16
-2.155762105814991641e-16
-1.973704370085940485e-16
-1.806606247094785493e-16
-1.653272532342427085e-16
-1.512613096026176076e-16
-1.383627081010816383e-16
-1.265389067438496123e-16
-1.157045265140671798e-16
-1.057799740799299383e-16
-9.669159183583650356e-17
-8.837186490909285624e-17
-8.075824735246990805e-17
-7.379246430611482871e-17
-6.742068900518823779e-17
-6.159347344237735120e-17
-5.626528435062706875e-17
-5.139397966242349846e-17
-4.694031186167581028e-17
-4.286859326822766417e-17
-3.914669521925878180e-17
-3.574606215447590542e-17
-3.264029570999851258e-17
-2.980406638101181268e-17
-2.721408558437831351e-17
-2.484904041288907342e-17
-2.268908824418679352e-17
-2.071597627393929786e-17
-1.891322078311404263e-17
-1.726642108661228032e-17
-1.576266587279470430e-17
-1.438991493310507708e-17
-1.313668900998744856e-17
-1.199190958305965399e-17
-1.094532547572193869e-17
-9.988244029611765147e-18
-9.113116390825980307e-18
-8.312795392565128131e-18
-7.581154740888247763e-18
-6.913222200521853476e-18
-6.304447276418604072e-18
-5.750221495250723716e-18
-5.245354081940101529e-18
-4.784877563767436519e-18
-4.364693007073154828e-18
-3.981639910317493054e-18
-3.632851308923900273e-18
-3.315535337396578818e-18
-3.027667113210736607e-18
-2.766882245591744040e-18
-2.530440437317819578e-18
-2.315052379428781887e-18
-2.116917234821793422e-18
-1.934101477596381122e-18
-1.765892627077185084e-18
-1.611646749684639235e-18
-1.470501314563860068e-18
-1.341262879594161786e-18
-1.222729770245601650e-18
-1.114680740351500901e-18
-1.017747042706577807e-18
-9.326056360748639883e-19
-8.594938843233328136e-19
-7.980375617045624943e-19
-7.472626323682056505e-19
-7.057482007059611312e-19
-6.720758968563821745e-19
-6.448582663665254138e-19
-6.229721492881835307e-19
-6.054405343731622162e-19
-5.914774912613512392e-19
-5.804460314726955901e-19
