# bin_4_4
-6.160110314940227105e-12
-6.197281860353414095e-12
-6.235888099511154546e-12
-6.275983217203926453e-12
-6.317623353942968243e-12
-6.360866671724669147e-12
-6.405773417430225489e-12
-6.452405987330161478e-12
-6.500828996531247693e-12
-6.551109348176960139e-12
-6.603316306365552312e-12
-6.657521570827631712e-12
-6.713799355522515008e-12
-6.772226468435748808e-12
-6.832882388248612214e-12
-6.895849339204438334e-12
-6.961212362027079005e-12
-7.029059383071500364e-12
-7.099481295242273100e-12
-7.172572044676618960e-12
-7.248428723115379757e-12
-7.327151650458084463e-12
-7.408844454426841535e-12
-7.493614149688565275e-12
-7.581571214519811749e-12
-7.672829671976912089e-12
-7.767507176736125155e-12
-7.865725072184118294e-12
-7.967608491772275328e-12
-8.073286455210345848e-12
-8.182891953941249044e-12
-8.296561994838711940e-12
-8.414437676083732730e-12
-8.536664250871543552e-12
-8.663391178761683985e-12
-8.794772123507618057e-12
-8.930964996860232222e-12
-9.072132077522391578e-12
-9.218440069654033574e-12
-9.370060085343096070e-12
-9.527167661215643316e-12
-9.689942839304275422e-12
-9.858570150385789841e-12
-1.003323850705599614e-11
-1.021414124772892620e-11
-1.040147621563142919e-11
-1.059544553063204771e-11
-1.079625542528607370e-11
-1.100411636076644117e-11
-1.121924289399653983e-11
-1.144185339959765590e-11
-1.167216997947813927e-11
-1.191041829954866138e-11
-1.215682725906057013e-11
-1.241162880334731621e-11
-1.267505761829372301e-11
-1.294735076167398563e-11
-1.322874731066703341e-11
-1.351948759715791284e-11
-1.381981291133310859e-11
-1.412996555103445244e-11
-1.445018826341685464e-11
-1.478072386790419092e-11
-1.512181433806222376e-11
-1.547369963060839278e-11
-1.583661684271987420e-11
-1.621079909160167143e-11
-1.659647550024991579e-11
-1.699386997767521171e-11
-1.740320127796263130e-11
-1.782468116200305853e-11
-1.825851144086234776e-11
-1.870488415607512232e-11
-1.916397961702405703e-11
-1.963596621812171838e-11
-2.012099890998962980e-11
-2.061921835633942671e-11
-2.113074674786689704e-11
-2.165568667570245879e-11
-2.219411900566473577e-11
-2.274610070947190644e-11
-2.331166278004976885e-11
-2.389080715548231079e-11
-2.448350642839700430e-11
-2.508970040539098389e-11
-2.570929334158481225e-11
-2.634215044803130555e-11
-2.698809663582391131e-11
-2.764691180775851835e-11
-2.831832937599405926e-11
-2.900203259145545414e-11
-2.969765127491901416e-11
-3.040475558879774991e-11
-3.112285678187212311e-11
-3.185140221238412831e-11
-3.258977241132709966e-11
-3.333727681750767476e-11
-3.409315011552936729e-11
-3.485654536447882796e-11
-3.562653169023126377e-11
-3.640209094879773678e-11
-3.718211446017436548e-11
-3.796540374749195316e-11
-3.875066325958907374e-11
-3.953649703636629820e-11
-4.032140560252819982e-11
-4.110379180749132600e-11
-4.188194733022595964e-11
-4.265405287457734669e-11
-4.341817463429008405e-11
-4.417227143552106810e-11
-4.491419186667261158e-11
-4.564167006130413692e-11
-4.635232504450617962e-11
-4.704366909006936222e-11
-4.771311471823583065e-11
-4.835796882072970706e-11
-4.897545271931253194e-11
-4.956270792585034144e-11
-5.011681379851381469e-11
-5.063479224730740054e-11
-5.111363376659499834e-11
-5.155032016853043999e-11
-5.194184122709701538e-11
-5.228522326476606725e-11
-5.257756741023990691e-11
-5.281610217445607173e-11
-5.299821283937760369e-11
-5.312147536246327255e-11
-5.318369027672484858e-11
-5.318293010742794529e-11
-5.311759803032580100e-11
-5.298647599268268672e-11
-5.278879783083005231e-11
-5.252431553067537578e-11
-5.219336620943135906e-11
-5.179687081286280843e-11
-5.133633969589727864e-11
-5.081388740943850419e-11
-5.023222161236736506e-11
-4.959465429075488197e-11
-4.890508455147752235e-11
-4.816798231294198569e-11
-4.738830144978440067e-11
-4.657137926197864175e-11
-4.572278889998558479e-11
-4.484819878683678370e-11
-4.395324070725275902e-11
-4.304333706730477972e-11
-4.212357688162888643e-11
-4.119853529347279693e-11
-4.027210482694129231e-11
-3.934731767740552066e-11
-3.842616727533062837e-11
-3.750951265055835630e-11
-3.659699117298714708e-11
-3.568702915870537233e-11
-3.477693226700580569e-11
-3.386314459448539937e-11
-3.294160268203125497e-11
-3.200818113694666957e-11
-3.105922034600379151e-11
-3.009208740778201118e-11
-2.910571197449914932e-11
-2.810092004166558483e-11
-2.708062527620779193e-11
-2.604967052278800546e-11
-2.501446664650574456e-11
-2.398237759168565877e-11
-2.296100055319241787e-11
-2.195735105568429322e-11
-2.097705329389253785e-11
-2.002369782342348781e-11
-1.909854949839603879e-11
-1.820065715537351277e-11
-1.732745284626374601e-11
-1.647587554016032444e-11
-1.564357283738043865e-11
-1.482994256312839310e-11
-1.403655220141825857e-11
-1.326698343733226535e-11
-1.252584457210006521e-11
-1.181759707512078370e-11
-1.114525353371874135e-11
-1.050968331881044659e-11
-9.909593352750206607e-12
-9.342244708140853369e-12
-8.804484653617151282e-12
-8.293617535669692600e-12
-7.807639212331816158e-12
-7.344912699784168460e-12
-6.903535231992943252e-12
-6.481071939338441503e-12
-6.074717220235576797e-12
-5.682034725039487448e-12
-5.301387231056618773e-12
-4.932284496233142916e-12
-4.575070969646159081e-12
-4.230801614363977020e-12
-3.900909643943689694e-12
-3.587110641734622317e-12
-3.291142752811350644e-12
-3.014557841546313096e-12
-2.758425722977375731e-12
-2.523329427039519605e-12
-2.309119305193646700e-12
-2.115129379651137365e-12
-1.939838538167541929e-12
-1.781241075930245182e-12
-1.636665637957628625e-12
-1.503433602247908596e-12
-1.379072508333990204e-12
-1.261882301005091073e-12
-1.151204828440618722e-12
-1.047378386129458059e-12
-9.514416960554767687e-13
-8.643898040168285365e-13
-7.868523582664715255e-13
-7.184560596007892045e-13
-6.583517707282815260e-13
-6.049470049156555372e-13
-5.569497233663662605e-13
-5.132464222934586898e-13
-4.735527491776707016e-13
-4.378214375806889022e-13
-4.062946848762531815e-13
-3.788033792163512150e-13
-3.549505444977711001e-13
-3.339872990076424960e-13
-3.153921726226021659e-13
-2.987662063321510703e-13
-2.841282298391023143e-13
-2.713658009957150098e-13
-2.603588520162264452e-13
-2.507215742784061011e-13
-2.421326082111967539e-13
-2.344187238222035023e-13
-2.275303502176212943e-13
-2.214380460688033369e-13
-2.159857968686852188e-13
-2.110226702418171997e-13
-2.064112512644813923e-13
-2.020970661223190330e-13
-1.980451483169439799e-13
-1.942002301587162312e-13
-1.904847421489501455e-13
-1.868654901286883886e-13
-1.833069181744281680e-13
-1.797862543445746602e-13
-1.762686723173531653e-13
-1.727476276066724067e-13
-1.692029304914051273e-13
-1.656269503627629540e-13
-1.620102738211666686e-13
-1.583515068361516607e-13
-1.546478004217569424e-13
-1.508992013044182219e-13
-1.471085616310453472e-13
-1.432792060571163068e-13
-1.394165687433816100e-13
-1.355258932152986750e-13
-1.316138091830029025e-13
-1.276873821646600484e-13
-1.237536895358243806e-13
-1.198214154836222647e-13
-1.158977502451169603e-13
-1.119910952380354929e-13
-1.081084382779369866e-13
-1.042572621613405993e-13
-1.004443124507243926e-13
-9.667617384713327687e-14
-9.295893734181024753e-14
-8.929825112588301665e-14
-8.569948884300600256e-14
-8.216722136897574793e-14
-7.870617382437566397e-14
-7.531994338307072185e-14
-7.201245528575838203e-14
-6.878662763349743624e-14
-6.564531825446406155e-14
-6.259076277480802650e-14
-5.962476269118593096e-14
-5.674880957864013724e-14
-5.396391204759128474e-14
-5.127082823743751595e-14
-4.866993480491342481e-14
-4.616134028737833669e-14
-4.374483583510464342e-14
-4.141997896085730168e-14
-3.918604157401574313e-14
-3.704209616281583629e-14
-3.498698470164721211e-14
-3.301938595689907401e-14
-3.113775282768353465e-14
-2.934042737269930675e-14
-2.762555170348523550e-14
-2.599118045302526141e-14
-2.443520970294266473e-14
-2.295549703998253829e-14
-2.154975995621373522e-14
-2.021569194596907123e-14
-1.895095172942609867e-14
-1.775309987061662310e-14
-1.661977971339804645e-14
-1.554847523751423997e-14
-1.453681494363316787e-14
-1.358227839452529643e-14
-1.268249964238215222e-14
-1.183506292809444390e-14
-1.103761252168704397e-14
-1.028784197066452379e-14
-9.583476162794174492e-15
-8.922311444218496957e-15
-8.302165982467570817e-15
-7.720999821471660118e-15
-7.176719132070024412e-15
-6.667422102567659609e-15
-6.191158533678268754e-15
-5.746124391012134155e-15
-5.330524922975309196e-15
-4.942664342818349690e-15
-4.580940563287140539e-15
-4.243771042550127515e-15
-3.929708956308479542e-15
-3.637333249764811857e-15
-3.365314965993682865e-15
-3.112356273053488312e-15
-2.877273042306219628e-15
-2.658907772891149241e-15
-2.456182307288292990e-15
-2.268083228142398798e-15
-2.093632957294328108e-15
-1.931919068185985371e-15
-1.782054394477678070e-15
-1.643265279594702830e-15
-1.514762423657991152e-15
-1.395844426987922786e-15
-1.285857336102107947e-15
-1.184171101105890565e-15
-1.090186389522687019e-15
-1.003375126389326480e-15
-9.232308229051773666e-16
-8.492412149275407086e-16
-7.809849763534175082e-16
-7.180441649485770842e-16
-6.600103275564409175e-16
-6.065013863974004758e-16
-5.572077598448628561e-16
-5.117906442845563695e-16
-4.699434851611008425e-16
-4.314307310234430508e-16
-3.959907830231579669e-16
-3.633668852260178146e-16
-3.333645940838124762e-16
-3.057944202029115199e-16
-2.804338039388381730e-16
-2.571248896482564204e-16
-2.357242023307754273e-16
-2.160592561117076447e-16
-1.979914006683770531e-16
-1.814161664299466889e-16
-1.661971297511279112e-16
-1.522126861821676472e-16
-1.393912504615362661e-16
-1.276261502089610626e-16
-1.168111126999707330e-16
-1.068866993987165608e-16
-9.779689623681375690e-17
-8.946880102836772537e-17
-8.184351971665258598e-17
-7.486216597649625627e-17
-6.846797623277386708e-17
-6.261482216950157420e-17
-5.725910027210409147e-17
-5.235789815973184280e-17
-4.787060150379917583e-17
-4.376439647789141251e-17
-4.001076516472896037e-17
-3.658027873628813083e-17
-3.344384253376731354e-17
-3.057224055049168706e-17
-2.794242342871802341e-17
-2.553745255273673892e-17
-2.333892551965917851e-17
-2.132841870123360586e-17
-1.948984377411154967e-17
-1.781229037136117747e-17
-1.628586576235900051e-17
-1.489842377931856980e-17
-1.363526831255623593e-17
-1.248290194794241927e-17
-1.143470952717685184e-17
-1.048638816400072746e-17
-9.630057373778710719e-18
-8.856947626402490970e-18
-8.159488359502357288e-18
-7.532104700440344181e-18
-6.966023157764874150e-18
-6.451048953286919480e-18
-5.979611373512161124e-18
