# bin_1_2
-1.123075559888751791e-10
-1.128203856588148494e-10
-1.133511087112823543e-10
-1.139002570166146354e-10
-1.144683830749723262e-10
-1.150560547547926782e-10
-1.156638617726496391e-10
-1.162923979327863484e-10
-1.169422447488733774e-10
-1.176139753104853662e-10
-1.183081532495779068e-10
-1.190253518943303977e-10
-1.197661779416549134e-10
-1.205312614981537757e-10
-1.213212546783981570e-10
-1.221367811233490444e-10
-1.229784187961397063e-10
-1.238467098649545884e-10
-1.247422104812363838e-10
-1.256655224304644327e-10
-1.266172814400674776e-10
-1.275980860586539274e-10
-1.286084493836874286e-10
-1.296488129221098488e-10
-1.307196574425970144e-10
-1.318215313607619013e-10
-1.329549833948655265e-10
-1.341204271520749250e-10
-1.353181589583724795e-10
-1.365485365591677006e-10
-1.378120056722282814e-10
-1.391089232501565330e-10
-1.404394579484836235e-10
-1.418037626998953309e-10
-1.432021409663857020e-10
-1.446348257233352557e-10
-1.461017509373151943e-10
-1.476028265037952333e-10
-1.491381958288924498e-10
-1.507077999128974022e-10
-1.523111129509189845e-10
-1.539477901448279510e-10
-1.556176983925739512e-10
-1.573200895118968437e-10
-1.590539947810564282e-10
-1.608189554959915747e-10
-1.626141082954956569e-10
-1.644380127303652150e-10
-1.662898529187219964e-10
-1.681686997128821958e-10
-1.700728143669481988e-10
-1.720011317912853045e-10
-1.739525817079212674e-10
-1.759251488656397522e-10
-1.779175057212600241e-10
-1.799278800981955251e-10
-1.819537689410623735e-10
-1.839935714996455527e-10
-1.860445441525310168e-10
-1.881039011300004014e-10
-1.901694708327109793e-10
-1.922376847958777789e-10
-1.943057931862391918e-10
-1.963703600292713019e-10
-1.984274977436636009e-10
-2.004736993238496914e-10
-2.025046235584718808e-10
-2.045166817522459059e-10
-2.065057310768354538e-10
-2.084681538434493344e-10
-2.103998569269382707e-10
-2.122968083718172964e-10
-2.141552032303306035e-10
-2.159704458346081743e-10
-2.177383450054740068e-10
-2.194537764905625489e-10
-2.211121440093146188e-10
-2.227079953584701812e-10
-2.242364367467037748e-10
-2.256924743875566494e-10
-2.270715186348529079e-10
-2.283687079508576258e-10
-2.295797438218715451e-10
-2.306998068891751822e-10
-2.317242307267102743e-10
-2.326486174981201925e-10
-2.334682092577651075e-10
-2.341792243607402156e-10
-2.347775026307277066e-10
-2.352592804660995458e-10
-2.356205735605799369e-10
-2.358574667083991548e-10
-2.359664478486655283e-10
-2.359440072358826568e-10
-2.357877438403903413e-10
-2.354948461612102103e-10
-2.350629480200764839e-10
-2.344897746277233478e-10
-2.337733906770129159e-10
-2.329123309934194761e-10
-2.319049653495074984e-10
-2.307505467385596319e-10
-2.294474185777979515e-10
-2.279956642550043433e-10
-2.263943584290673999e-10
-2.246448454796768781e-10
-2.227468094067411405e-10
-2.207018731526325943e-10
-2.185107603768546492e-10
-2.161748474616479245e-10
-2.136962250668415262e-10
-2.110767231205709687e-10
-2.083203928471891335e-10
-2.054299023156507421e-10
-2.024101117212482136e-10
-1.992642553043944514e-10
-1.959976476027624416e-10
-1.926151652585117745e-10
-1.891240318782926414e-10
-1.855307028758995176e-10
-1.818420249193154992e-10
-1.780664233527130397e-10
-1.742105793670460585e-10
-1.702851000831475775e-10
-1.662982019248094305e-10
-1.622601851093112853e-10
-1.581798926988112085e-10
-1.540672641024401811e-10
-1.499327589011317696e-10
-1.457861008835817342e-10
-1.416367601993315594e-10
-1.374941280104132862e-10
-1.333669996822630995e-10
-1.292641546439898161e-10
-1.251938590079420140e-10
-1.211625241922279675e-10
-1.171776060476407732e-10
-1.132451039633242730e-10
-1.093703454139827178e-10
-1.055577201482762194e-10
-1.018119872597478036e-10
-9.813604331805371793e-11
-9.453310042551164775e-11
-9.100528110887763592e-11
-8.755465395846699873e-11
-8.418233733488496160e-11
-8.088942201536283173e-11
-7.767625635804887042e-11
-7.454307969151440575e-11
-7.148967838913202155e-11
-6.851546921175889728e-11
-6.561984639558229055e-11
-6.280197907501419618e-11
-6.006102098410247907e-11
-5.739613614876435133e-11
-5.480692046224945954e-11
-5.229305697224204978e-11
-4.985486037589467307e-11
-4.749291751630279578e-11
-4.520854181589765828e-11
-4.300328925923364006e-11
-4.087914919634225125e-11
-3.883821975384505208e-11
-3.688232258913487541e-11
-3.501292639108351632e-11
-3.323063027830638378e-11
-3.153513198102512570e-11
-2.992505908925982352e-11
-2.839804783985134299e-11
-2.695080329612588639e-11
-2.557943476366146832e-11
-2.427955317222208889e-11
-2.304667825848110938e-11
-2.187633514292455441e-11
-2.076428617205995573e-11
-1.970667687411680780e-11
-1.870002927851158751e-11
-1.774136575393271706e-11
-1.682816666091538313e-11
-1.595838171119220795e-11
-1.513040505593369280e-11
-1.434298461021098544e-11
-1.359518625803878859e-11
-1.288629416062805432e-11
-1.221568307606662119e-11
-1.158274659163452309e-11
-1.098676097794695784e-11
-1.042688248037584752e-11
-9.902017787825007445e-12
-9.410832194356893340e-12
-8.951580589846614914e-12
-8.522059467730929677e-12
-8.119614277944177751e-12
-7.741293674637581928e-12
-7.384199290367739028e-12
-7.045837557855787182e-12
-6.724431444732647431e-12
-6.418936325914964761e-12
-6.128983633237688636e-12
-5.854497999351193739e-12
-5.595474383873453488e-12
-5.351592983948730592e-12
-5.122108447869386898e-12
-4.905789115745301904e-12
-4.701089036123697037e-12
-4.506488818670214270e-12
-4.320778638431090445e-12
-4.143293987944223543e-12
-3.973767374506188158e-12
-3.812116996152163395e-12
-3.658112592626330606e-12
-3.511290054830062798e-12
-3.370936041559424710e-12
-3.236347907970665568e-12
-3.107021594110781341e-12
-2.982652459050691001e-12
-2.863092280688684420e-12
-2.748141214157830632e-12
-2.637534858324418471e-12
-2.530974246040072442e-12
-2.428185600200854903e-12
-2.328976495498978321e-12
-2.233207958488582741e-12
-2.140747329670842352e-12
-2.051429204734767505e-12
-1.965103440290679329e-12
-1.881667852574503902e-12
-1.801030164541384356e-12
-1.723078024754732906e-12
-1.647737517603591069e-12
-1.574922402044714834e-12
-1.504564606376159418e-12
-1.436600868221718612e-12
-1.370966435995206527e-12
-1.307609712593372207e-12
-1.246475573633948807e-12
-1.187516058977673830e-12
-1.130682236790987130e-12
-1.075930849373916896e-12
-1.023213844292054360e-12
-9.724919044521040756e-13
-9.237185464792822226e-13
-8.768522165162752066e-13
-8.318511939276096898e-13
-7.886698239430212127e-13
-7.472676881990636274e-13
-7.075990617087428741e-13
-6.696215052457033670e-13
-6.332898954317617443e-13
-5.985598582001466980e-13
-5.653861568685466988e-13
-5.337236582813903523e-13
-5.035262546490191227e-13
-4.747487354668158531e-13
-4.473453910402669546e-13
-4.212694960312943985e-13
-3.964772269063583418e-13
-3.729215387716917110e-13
-3.505587144827264693e-13
-3.293437908606200602e-13
-3.092326585940519946e-13
-2.901823002565387744e-13
-2.721497732156522974e-13
-2.550932144143594933e-13
-2.389713460244482137e-13
-2.237441375705174039e-13
-2.093717216259550015e-13
-1.958162429475007073e-13
-1.830396357578030519e-13
-1.710059427709420814e-13
-1.596794665130078232e-13
-1.490258930461242283e-13
-1.390122196720453130e-13
-1.296059350929413665e-13
-1.207762467925230860e-13
-1.124930229101922255e-13
-1.047274551934350140e-13
-9.745171291324005991e-14
-9.063919523409210607e-14
-8.426416642982674858e-14
-7.830224247199581814e-14
-7.272977034195214363e-14
-6.752440649790146364e-14
-6.266474142060396735e-14
-5.813021496539606089e-14
-5.390154251910978878e-14
-4.996013027333095521e-14
-4.628840501655517461e-14
-4.286972152401683328e-14
-3.968815556672292823e-14
-3.672876910704369091e-14
-3.397737998246133982e-14
-3.142051855393494221e-14
-2.904560742788800195e-14
-2.684067019720695743e-14
-2.479443776102121540e-14
-2.289637670808365779e-14
-2.113648143653590153e-14
-1.950540613473165936e-14
-1.799435202810505971e-14
-1.659503315894641119e-14
-1.529974139357932634e-14
-1.410118866031798048e-14
-1.299257181363922607e-14
-1.196754148076951265e-14
-1.102011692792371440e-14
-1.014477738815907122e-14
-9.336314740283805707e-15
-8.589871041883412411e-15
-7.900941445776035496e-15
-7.265297414946894293e-15
-6.679027594006330711e-15
-6.138477920434595983e-15
-5.640251528446613577e-15
-5.181175270279636573e-15
-4.758324531349933049e-15
-4.368957500395912284e-15
-4.010510244027374457e-15
-3.680676659473262087e-15
-3.377218499791518612e-15
-3.098127353207035321e-15
-2.841531249347145044e-15
-2.605661674708134793e-15
-2.388926767042631600e-15
-2.189806352954160087e-15
-2.006925035048292645e-15
-1.839003867531660339e-15
-1.684824464873630021e-15
-1.543337283020452407e-15
-1.413475674331100417e-15
-1.294336711625320342e-15
-1.185049463451350964e-15
-1.084815800241468264e-15
-9.929092892505217188e-16
-9.086558053875602862e-16
-8.314363837656567368e-16
-7.606873575283172703e-16
-6.958621202373533013e-16
-6.364964563097580238e-16
-5.821376555551554950e-16
-5.323763843263181561e-16
-4.868422286716963172e-16
-4.451770776152815705e-16
-4.070581742638089561e-16
-3.721964619477130167e-16
-3.403152080906549693e-16
-3.111611650438156508e-16
-2.845073050538490796e-16
-2.601419278961174029e-16
-2.378697724881352848e-16
-2.175160895898546457e-16
-1.989240134279801283e-16
-1.819474546102063416e-16
-1.664494990745088684e-16
-1.523043709705090037e-16
-1.393974851170860550e-16
-1.276236766378486605e-16
-1.168834323093077771e-16
-1.070876534872621808e-16
-9.815606844930603748e-17
-9.001755933074743205e-17
-8.260141046108267247e-17
-7.584768923882870339e-17
-6.969845802123434349e-17
-6.410314505431395790e-17
-5.901368711227112848e-17
-5.438758592515394281e-17
-5.018492591039689339e-17
-4.636887917943388789e-17
-4.290746469245656493e-17
-3.977059003344729749e-17
-3.693018236964372543e-17
-3.435883964853014020e-17
-3.203164171165302526e-17
-2.992860514254857558e-17
-2.802962314689243970e-17
-2.631743787906189918e-17
-2.477513131558444482e-17
-2.338916180580811893e-17
-2.214566814218454318e-17
-2.103134954348154437e-17
-2.003358104102125036e-17
-1.914191447393764543e-17
-1.834798736428795409e-17
-1.764359177831378909e-17
-1.702154540177657447e-17
-1.647425257971103673e-17
-1.599414763223053607e-17
-1.557438062539904011e-17
-1.520850697521309832e-17
-1.488961205469750899e-17
-1.461127155869480379e-17
-1.436756062467857450e-17
-1.415428717375456813e-17
-1.396860819016439726e-17
-1.380757077752186750e-17
-1.366742871573050601e-17
-1.354463756232172379e-17
-1.343674605513227090e-17
-1.334077441627503827e-17
