# bin_4_2
-1.842290733512974229e-10
-1.851650792504343862e-10
-1.861351989755252934e-10
-1.871405687893695965e-10
-1.881823671695871922e-10
-1.892618101775915405e-10
-1.903801591232475726e-10
-1.915387017132692197e-10
-1.927387360487063514e-10
-1.939815757343911328e-10
-1.952685490001431772e-10
-1.966010206544467334e-10
-1.979804172337686334e-10
-1.994082169421943806e-10
-2.008859493072653873e-10
-2.024151418733674993e-10
-2.039973047756149885e-10
-2.056339412508631085e-10
-2.073266021558546434e-10
-2.090769185041590173e-10
-2.108865901746674492e-10
-2.127573107234549897e-10
-2.146907198518314402e-10
-2.166884185404191516e-10
-2.187520872910290651e-10
-2.208835140121599848e-10
-2.230845235233033038e-10
-2.253568363621232257e-10
-2.277020912394506909e-10
-2.301220361473858671e-10
-2.326185539610940245e-10
-2.351934736561945985e-10
-2.378484674377347633e-10
-2.405852376989780639e-10
-2.434056918873347021e-10
-2.463117064135802667e-10
-2.493048867514667008e-10
-2.523868621139813573e-10
-2.555595562225963414e-10
-2.588247256394666015e-10
-2.621836847843999171e-10
-2.656379892049693803e-10
-2.691894654421070198e-10
-2.728393436049920420e-10
-2.765886788197786361e-10
-2.804391134784115022e-10
-2.843919060354295299e-10
-2.884477533328749640e-10
-2.926080574949181817e-10
-2.968741396047019305e-10
-3.012465114446710773e-10
-3.057264458689022295e-10
-3.103152477869148792e-10
-3.150132738359457306e-10
-3.198216618944354462e-10
-3.247411077126133646e-10
-3.297715740193158366e-10
-3.349140114521066843e-10
-3.401681803906405253e-10
-3.455338394506151117e-10
-3.510114173458019199e-10
-3.565998903013086188e-10
-3.622991430534848861e-10
-3.681083489970419821e-10
-3.740262295056783213e-10
-3.800519069647301991e-10
-3.861835826538549619e-10
-3.924202509543747820e-10
-3.987602910977629980e-10
-4.052026167942246174e-10
-4.117456401931701088e-10
-4.183877835371424054e-10
-4.251276141651940580e-10
-4.319628026307578154e-10
-4.388914018153594232e-10
-4.459104188894276438e-10
-4.530173631038820067e-10
-4.602087446520656546e-10
-4.674815607208747141e-10
-4.748325435640028428e-10
-4.822586974226627340e-10
-4.897566150544191669e-10
-4.973233152552424775e-10
-5.049550830437339878e-10
-5.126481369033251648e-10
-5.203987780027557907e-10
-5.282026875691282329e-10
-5.360563299362340903e-10
-5.439554828019769016e-10
-5.518960304532091793e-10
-5.598733164972192769e-10
-5.678824557839478982e-10
-5.759186318799113650e-10
-5.839766815981524207e-10
-5.920521448542931473e-10
-6.001397348678245162e-10
-6.082342239707760563e-10
-6.163300017338503668e-10
-6.244212567128569642e-10
-6.325020789257561503e-10
-6.405658441846116646e-10
-6.486064224367342632e-10
-6.566161568772918675e-10
-6.645885007397973715e-10
-6.725150157226759510e-10
-6.803888977677402333e-10
-6.882009187446067254e-10
-6.959431552276959087e-10
-7.036060209398657380e-10
-7.111797471261438118e-10
-7.186542747192711468e-10
-7.260184045463650216e-10
-7.332624334251174933e-10
-7.403742148947099974e-10
-7.473428977827607936e-10
-7.541550108685624019e-10
-7.607983581436360307e-10
-7.672592959448485624e-10
-7.735254964298192291e-10
-7.795826525687975299e-10
-7.854158335427494203e-10
-7.910108356568887730e-10
-7.963504004475125372e-10
-8.014199497202959007e-10
-8.062012044820354846e-10
-8.106771297353797229e-10
-8.148283017421165511e-10
-8.186352272268872611e-10
-8.220778818943379891e-10
-8.251342871432278460e-10
-8.277808887577422693e-10
-8.299930184919461969e-10
-8.317442780004343888e-10
-8.330073297288281692e-10
-8.337534700622893784e-10
-8.339513864753316991e-10
-8.335699254012818835e-10
-8.325755587938413212e-10
-8.309339066641118935e-10
-8.286098354729463931e-10
-8.255688981821616587e-10
-8.217748062090063022e-10
-8.171925451761806945e-10
-8.117874478126221580e-10
-8.055269790799084941e-10
-7.983804124999960862e-10
-7.903202527324390491e-10
-7.813225249119559554e-10
-7.713684097534121289e-10
-7.604447348774199107e-10
-7.485445304726425220e-10
-7.356680720395047788e-10
-7.218239186694561865e-10
-7.070305329855915518e-10
-6.913171508776060271e-10
-6.747248142122011121e-10
-6.573068471192719725e-10
-6.391299660078815195e-10
-6.202742674128134110e-10
-6.008326117436613972e-10
-5.809098101911096315e-10
-5.606213437525302296e-10
-5.400918300536145669e-10
-5.194523917398992454e-10
-4.988383092017976181e-10
-4.783848410644534509e-10
-4.582237957221578801e-10
-4.384796976795765852e-10
-4.192658964920624489e-10
-4.006811709332246465e-10
-3.828068107711897402e-10
-3.657033273199097262e-10
-3.494075444020785008e-10
-3.339301147934503636e-10
-3.192548061734223491e-10
-3.053385969454463402e-10
-2.921126757212801034e-10
-2.794846461078866929e-10
-2.673431554699974809e-10
-2.555644678844171886e-10
-2.440209945948635704e-10
-2.325903767181073674e-10
-2.211677289184648827e-10
-2.096767913233860624e-10
-1.980795147255812166e-10
-1.863821400619774393e-10
-1.746374561264711939e-10
-1.629418308342488626e-10
-1.514265274997893561e-10
-1.402444900149466552e-10
-1.295516884958503677e-10
-1.194870907262541407e-10
-1.101554660432434941e-10
-1.016127767302768804e-10
-9.386040476666917135e-11
-8.684517623807056436e-11
-8.047183260456427833e-11
-7.462027086589766452e-11
-6.916771773688644196e-11
-6.401041137483480588e-11
-5.907744773086234246e-11
-5.433989951891654143e-11
-4.980472797429927302e-11
-4.550450501969928759e-11
-4.147968313025524544e-11
-3.776477085018955374e-11
-3.437480236569269689e-11
-3.130590765180335804e-11
-2.853477146808526731e-11
-2.603013050711092333e-11
-2.375726927900631863e-11
-2.168569169087912774e-11
-1.979195672670715996e-11
-1.805925107685742279e-11
-1.647919814410630102e-11
-1.504572747003039148e-11
-1.375542084097817133e-11
-1.260198801839700832e-11
-1.157522846196171713e-11
-1.066261644788510277e-11
-9.850284637750301460e-12
-9.127237036463281066e-12
-8.485589732771926338e-12
-7.918769629024421066e-12
-7.421711806579153584e-12
-6.986666380587477895e-12
-6.608961592910886311e-12
-6.281754535192968392e-12
-5.998472371034453879e-12
-5.755096157797025641e-12
-5.546440434961249609e-12
-5.368492273181540741e-12
-5.217469319360438080e-12
-5.089080778934350897e-12
-4.979907316604275921e-12
-4.887103017466649851e-12
-4.807856406736169567e-12
-4.739587311885711025e-12
-4.679886085480017197e-12
-4.626801164673313561e-12
-4.578523993054087302e-12
-4.533464766222509731e-12
-4.490228633462131940e-12
-4.447605552196749091e-12
-4.404587263046003374e-12
-4.360297439389662651e-12
-4.314024514470604742e-12
-4.265197083168339855e-12
-4.213360811937927741e-12
-4.158173649449862620e-12
-4.099402362315265115e-12
-4.036896105717875952e-12
-3.970593921479687123e-12
-3.900501468797064911e-12
-3.826687726261101088e-12
-3.749279278438996066e-12
-3.668445226911795598e-12
-3.584398746735455012e-12
-3.497380082680875072e-12
-3.407661629327235604e-12
-3.315534643792860885e-12
-3.221310617222947331e-12
-3.125311040999444462e-12
-3.027867298465755011e-12
-2.929312679380932797e-12
-2.829981670423011944e-12
-2.730204867979396039e-12
-2.630304517861085171e-12
-2.530595170976520984e-12
-2.431376269928969211e-12
-2.332934797396747684e-12
-2.235539806580590803e-12
-2.139443320612957876e-12
-2.044877870686628782e-12
-1.952056083973745838e-12
-1.861170339245944849e-12
-1.772391732339602524e-12
-1.685870595611321475e-12
-1.601736738311582658e-12
-1.520098822563756685e-12
-1.441047015364204652e-12
-1.364651263170413698e-12
-1.290964594412879249e-12
-1.220022706275720180e-12
-1.151845215082513456e-12
-1.086438133447086517e-12
-1.023792969944240111e-12
-9.638900304313683307e-13
-9.066973423014790607e-13
-8.521739394641823132e-13
-8.002687467070160618e-13
-7.509244107748984927e-13
-7.040753667613401898e-13
-6.596517378297404401e-13
-6.175786948531809886e-13
-5.777772653407950239e-13
-5.401676091806300678e-13
-5.046659495450165277e-13
-4.711895252574471046e-13
-4.396539506354430929e-13
-4.099757486645486132e-13
-3.820715575560222581e-13
-3.558592688279432866e-13
-3.312575007978809956e-13
-3.081869076672463016e-13
-2.865694895030051979e-13
-2.663293153840722323e-13
-2.473930407317210992e-13
-2.296887372800838882e-13
-2.131482789329997524e-13
-1.977049410074229347e-13
-1.832955171725233545e-13
-1.698593850356161471e-13
-1.573384930799987267e-13
-1.456778492853321946e-13
-1.348247330804187273e-13
-1.247292508647309327e-13
-1.153436073196030496e-13
-1.066228684687537643e-13
-9.852399478586621869e-14
-9.100655336479588050e-14
-8.403202841915039716e-14
-7.756429676211505834e-14
-7.156930291811605882e-14
-6.601467814041881061e-14
-6.087060134324132777e-14
-5.610860853097796337e-14
-5.170226206906043643e-14
-4.762677541072016023e-14
-4.385892498188163190e-14
-4.037678489043445769e-14
-3.716006965829833831e-14
-3.418964500500318762e-14
-3.144762977777191781e-14
-2.891735519163928714e-14
-2.658321633093217362e-14
-2.443079627053925268e-14
-2.244645347251736666e-14
-2.061780912615179432e-14
-1.893304225274214764e-14
-1.738137222573386059e-14
-1.595287289523614896e-14
-1.463815238948244512e-14
-1.342856641183478028e-14
-1.231611401605417192e-14
-1.129325739361799586e-14
-1.035304588269079393e-14
-9.489119321028778732e-15
-8.695345445850066661e-15
-7.966079683381987435e-15
-7.296189538669814086e-15
-6.680946809448198509e-15
-6.116138925797841514e-15
-5.598017955135593919e-15
-5.123057914532721839e-15
-4.687848971619759447e-15
-4.289106961698812500e-15
-3.923673454404459995e-15
-3.588755548995012876e-15
-3.281994190387856031e-15
-3.001206736210546410e-15
-2.744224565107947939e-15
-2.509056734613350069e-15
-2.293836528231801067e-15
-2.096900620005440873e-15
-1.916764754700127091e-15
-1.751995381749106688e-15
-1.601300883149958126e-15
-1.463517661562532286e-15
-1.337581848163295939e-15
-1.222539743350010631e-15
-1.117495360191826875e-15
-1.021605251806660404e-15
-9.340661055269992392e-16
-8.541847567619484811e-16
-7.813034430548993215e-16
-7.147707184513927235e-16
-6.540091823824922662e-16
-5.984951610345464536e-16
-5.477886282605765179e-16
-5.014605146691835604e-16
-4.591004695040335047e-16
-4.203503415413677520e-16
-3.848958444966242191e-16
-3.524869267256675910e-16
-3.228511707877996867e-16
-2.957359570885161373e-16
-2.709357152602523648e-16
-2.482717001285705016e-16
-2.276119096289557391e-16
-2.088022060049941827e-16
-1.917088205454635711e-16
-1.761940317408244218e-16
-1.621287406127685772e-16
-1.494098128442090088e-16
-1.379114014542545041e-16
-1.275130851433673215e-16
-1.180836368858491782e-16
-1.095642464780377836e-16
-1.018699869990062784e-16
