# bin_2_4
-4.002081897263376880e-12
-4.026154308358750788e-12
-4.051154409667905927e-12
-4.077117119005087932e-12
-4.104078604858443325e-12
-4.132076327871874351e-12
-4.161149080081132372e-12
-4.191337024903131102e-12
-4.222681741074956801e-12
-4.255226265927355920e-12
-4.289015141100033263e-12
-4.324094458212616011e-12
-4.360511905793647178e-12
-4.398316816244683348e-12
-4.437560210580182912e-12
-4.478294844172608578e-12
-4.520575252596847295e-12
-4.564457797456454819e-12
-4.610000718166631436e-12
-4.657264180849506935e-12
-4.706310325899494447e-12
-4.757203309224485801e-12
-4.810009350618781633e-12
-4.864796788260020044e-12
-4.921636127914029872e-12
-4.980600088570969129e-12
-5.041763653171248711e-12
-5.105204095759625440e-12
-5.171001033514489391e-12
-5.239236466251554254e-12
-5.309994821775485216e-12
-5.383362983016205999e-12
-5.459430328375899854e-12
-5.538288750348322512e-12
-5.620032685329146646e-12
-5.704759110827037623e-12
-5.792567550338027705e-12
-5.883560131521334526e-12
-5.977841618850497423e-12
-6.075519368142299510e-12
-6.176703296878037011e-12
-6.281505943543888483e-12
-6.390042457297147755e-12
-6.502430490503144312e-12
-6.618790202780427100e-12
-6.739244277764011812e-12
-6.863917699517320709e-12
-6.992937630721298236e-12
-7.126433506299990065e-12
-7.264536868409518719e-12
-7.407381156535648274e-12
-7.555101678102038516e-12
-7.707835314789728551e-12
-7.865720206638115374e-12
-8.028895717689334332e-12
-8.197502206646165814e-12
-8.371680737794194125e-12
-8.551572880507020890e-12
-8.737319990983509355e-12
-8.929063071991493706e-12
-9.126942633589283723e-12
-9.331098091038781452e-12
-9.541667686789448978e-12
-9.758787617776967715e-12
-9.982591459093111460e-12
-1.021320975939627993e-11
-1.045076916825265446e-11
-1.069539221615864872e-11
-1.094719613700043363e-11
-1.120629251040153582e-11
-1.147278597419146178e-11
-1.174677322153147567e-11
-1.202834285712476274e-11
-1.231757374903824677e-11
-1.261453500285519768e-11
-1.291928376044230786e-11
-1.323186481710157432e-11
-1.355230859452483259e-11
-1.388063045126807944e-11
-1.421682875104823191e-11
-1.456088368568858529e-11
-1.491275483661580634e-11
-1.527237907766416808e-11
-1.563967077294561797e-11
-1.601451988597036396e-11
-1.639679001524633259e-11
-1.678631600406129890e-11
-1.718290263355414625e-11
-1.758632184050996887e-11
-1.799631087194543504e-11
-1.841256906655406755e-11
-1.883475761889187243e-11
-1.926249599234807171e-11
-1.969536023511871941e-11
-2.013288017141456487e-11
-2.057453793131854968e-11
-2.101976480214643881e-11
-2.146793851670920049e-11
-2.191837988981669145e-11
-2.237035113151599344e-11
-2.282305541672655938e-11
-2.327563269394100399e-11
-2.372716029739913475e-11
-2.417664876511020525e-11
-2.462304218240820746e-11
-2.506521492497360454e-11
-2.550197394079550219e-11
-2.593205375389225889e-11
-2.635411662285675450e-11
-2.676675029983631820e-11
-2.716847184390503265e-11
-2.755772716798223880e-11
-2.793289034334617242e-11
-2.829226724502860110e-11
-2.863409665981990718e-11
-2.895655930978464874e-11
-2.925777895050804072e-11
-2.953583149635120598e-11
-2.978875243409313918e-11
-3.001455217383226333e-11
-3.021122847324035806e-11
-3.037678102375601883e-11
-3.050922680201988399e-11
-3.060662011387900051e-11
-3.066707873934640274e-11
-3.068881287693920864e-11
-3.067015424607091083e-11
-3.060958615487895039e-11
-3.050577460992223522e-11
-3.035759971019474866e-11
-3.016418538837709932e-11
-2.992494070487763600e-11
-2.963960316191802396e-11
-2.930829123801137495e-11
-2.893155634249919636e-11
-2.851042402130641430e-11
-2.804640493349426696e-11
-2.754148763755853177e-11
-2.699813207061233573e-11
-2.641926262212697328e-11
-2.580826884959659435e-11
-2.516899149456111443e-11
-2.450570061563060279e-11
-2.382302133337205004e-11
-2.312583130529007141e-11
-2.241914022543934182e-11
-2.170797202043715865e-11
-2.099724858057662955e-11
-2.029166785612931472e-11
-1.959557696654137613e-11
-1.891282925466193083e-11
-1.824663976304493769e-11
-1.759944439137960681e-11
-1.697277715561443618e-11
-1.636716961958614268e-11
-1.578210051566674290e-11
-1.521600592317345028e-11
-1.466637248185944375e-11
-1.412993837145539026e-11
-1.360297512134812308e-11
-1.308166628497172510e-11
-1.256254361930407992e-11
-1.204293933240311380e-11
-1.152139236658859039e-11
-1.099793454946699112e-11
-1.047419015150002652e-11
-9.953254457518372186e-12
-9.439372528299225059e-12
-8.937433066781761063e-12
-8.452347987018959816e-12
-7.988387890426569899e-12
-7.548543208048071433e-12
-7.134039410788092194e-12
-6.744126729780922176e-12
-6.376244641275657578e-12
-6.026592563006314846e-12
-5.691040289522815376e-12
-5.366130243081774396e-12
-5.049904217960449978e-12
-4.742293874423625352e-12
-4.444959080718602039e-12
-4.160576366156900409e-12
-3.891854417980364327e-12
-3.640536196583062275e-12
-3.406850616631026937e-12
-3.189566612552938522e-12
-2.986642525264122373e-12
-2.796089721276338124e-12
-2.616645950265487664e-12
-2.447914119225230178e-12
-2.289971052980354351e-12
-2.142769210387630441e-12
-2.005778065645100687e-12
-1.878040606152665812e-12
-1.758582373832109148e-12
-1.646742443037690971e-12
-1.542235417927275864e-12
-1.444947214089519861e-12
-1.354716877775411605e-12
-1.271267603103162133e-12
-1.194232278513026522e-12
-1.123196954821040403e-12
-1.057708034461583273e-12
-9.973006715428997932e-13
-9.415560471282324979e-13
-8.901410600175538264e-13
-8.428088791193981007e-13
-7.993610991519904986e-13
-7.595743331197562898e-13
-7.231485955865962220e-13
-6.897376227193947821e-13
-6.589908936129986281e-13
-6.305935642049433182e-13
-6.043034953054585727e-13
-5.799626790969289557e-13
-5.574447730932174474e-13
-5.366044332530432876e-13
-5.172856267543875852e-13
-4.993222328475579009e-13
-4.825712040297979829e-13
-4.668950762834226657e-13
-4.521536603516734538e-13
-4.382241565184874594e-13
-4.250045530270885631e-13
-4.124063816072654234e-13
-4.003584599310402506e-13
-3.887946058084581539e-13
-3.776507701559000806e-13
-3.668600483593570206e-13
-3.563700557441250416e-13
-3.461331833141121684e-13
-3.361143669941708821e-13
-3.262852510296743160e-13
-3.166226548077000721e-13
-3.071037193782775521e-13
-2.977087092273628139e-13
-2.884228655509931696e-13
-2.792387664063473385e-13
-2.701530906119153920e-13
-2.611635870114057792e-13
-2.522693121149783244e-13
-2.434709561167559337e-13
-2.347723651877480779e-13
-2.261795370784643747e-13
-2.176993920698776319e-13
-2.093389006557701909e-13
-2.011060597693984291e-13
-1.930092662379825692e-13
-1.850572761900821635e-13
-1.772583808395681853e-13
-1.696210284694822802e-13
-1.621531504321858370e-13
-1.548622499591174361e-13
-1.477550946353864947e-13
-1.408378675011734509e-13
-1.341159142435149789e-13
-1.275937598966456345e-13
-1.212751254583763024e-13
-1.151628678242956849e-13
-1.092590281790406705e-13
-1.035648249038429028e-13
-9.808066466455540084e-14
-9.280624511643340698e-14
-8.774048957646504847e-14
-8.288175355452029683e-14
-7.822772219727219297e-14
-7.377555966203837570e-14
-6.952187797426825925e-14
-6.546282654850692949e-14
-6.159413512014922046e-14
-5.791116289632367306e-14
-5.440897289972193338e-14
-5.108235310476252772e-14
-4.792590126955282807e-14
-4.493402168658449507e-14
-4.210102719208077980e-14
-3.942111409069273089e-14
-3.688845414821705144e-14
-3.449719768973185925e-14
-3.224150358040390383e-14
-3.011557276148344729e-14
-2.811364704335001077e-14
-2.623005650550075068e-14
-2.445921457661671765e-14
-2.279566548145409383e-14
-2.123408254140285821e-14
-1.976928693784503038e-14
-1.839625633841274672e-14
-1.711013337384101936e-14
-1.590623035610322479e-14
-1.478002043192572526e-14
-1.372717431192515290e-14
-1.274352804148907453e-14
-1.182509897112179550e-14
-1.096808071015302285e-14
-1.016883779615855523e-14
-9.423895520501186972e-15
-8.729947436182138297e-15
-8.083853426928081737e-15
-7.482620302172276846e-15
-6.923415950839122327e-15
-6.403560519857564233e-15
-5.920518475944235432e-15
-5.471893152649293189e-15
-5.055434215737844698e-15
-4.669015138046436825e-15
-4.310627916664497276e-15
-3.978392213311391109e-15
-3.670532357537335285e-15
-3.385377096760339096e-15
-3.121363137810766357e-15
-2.877025181970155471e-15
-2.650981540348950310e-15
-2.441944084505154309e-15
-2.248709973615070879e-15
-2.070144968220809861e-15
-1.905195269790148345e-15
-1.752879994975227399e-15
-1.612279684150353712e-15
-1.482536761712610732e-15
-1.362860239878449135e-15
-1.252505969187853745e-15
-1.150778966855956724e-15
-1.057039456190499786e-15
-9.706875567423930221e-16
-8.911629759601665138e-16
-8.179490730185141100e-16
-7.505654584255396516e-16
-6.885644889811641227e-16
-6.315324537524984022e-16
-5.790850764135954612e-16
-5.308646265742751465e-16
-4.865412131089711275e-16
-4.458119264592059009e-16
-4.083979386670882697e-16
-3.740397274799698942e-16
-3.424992518384868143e-16
-3.135552293671518518e-16
-2.870019019805133332e-16
-2.626501973519513698e-16
-2.403259366383355104e-16
-2.198663971655284183e-16
-2.011203729412536951e-16
-1.839493382219714980e-16
-1.682242653967274394e-16
-1.538252304882926955e-16
-1.406410427248553971e-16
-1.285701916898135236e-16
-1.175195610773064555e-16
-1.074059925373209707e-16
-9.815414773505675587e-17
-8.969251599785780591e-17
-8.195490594378852520e-17
-7.488081838188381129e-17
-6.841393666725510025e-17
-6.250148947750358317e-17
-5.709556455713524125e-17
-5.215347665535707315e-17
-4.763646240674505899e-17
-4.350893507695958539e-17
-3.973793394642241679e-17
-3.629170813663169946e-17
-3.314084382781489438e-17
-3.026010345336424920e-17
-2.762644293259801577e-17
-2.521806674318392471e-17
-2.301619233715008219e-17
-2.100486290588339912e-17
-1.916925926912735669e-17
-1.749521039805347857e-17
-1.596807361557135550e-17
-1.457390163994335217e-17
-1.330078064634450202e-17
-1.213875198557921205e-17
-1.107880159935846850e-17
-1.011244875327718772e-17
-9.232706108895176287e-18
-8.432625500096393545e-18
-7.704948736918731186e-18
-7.041622139923826738e-18
-6.433891038839669770e-18
-5.876005200809242728e-18
-5.364561108478265767e-18
-4.896628175120994972e-18
-4.469081268197292248e-18
-4.078373658614110212e-18
-3.721126974494345155e-18
-3.395550184251536095e-18
-3.101150880678012811e-18
-2.837597801032339645e-18
-2.604071357475022221e-18
-2.399280740230515220e-18
-2.221370471318929296e-18
-2.067641991899725456e-18
-1.935148727425826429e-18
-1.820890385175284890e-18
-1.722439828738893070e-18
-1.637558815769188500e-18
-1.564281455119631578e-18
-1.500968917210084592e-18
