# bin_2_1
-2.359393409387575480e-09
-2.366466686690650068e-09
-2.373780628002834202e-09
-2.381341942030045077e-09
-2.389157392498321407e-09
-2.397233548963138922e-09
-2.405576780788994241e-09
-2.414193312184658418e-09
-2.423089220310469002e-09
-2.432270781898664550e-09
-2.441744541893951863e-09
-2.451517133310632476e-09
-2.461595630767581868e-09
-2.471986996450112769e-09
-2.482697728075352690e-09
-2.493734063866242723e-09
-2.505102334176442566e-09
-2.516809396137827476e-09
-2.528862614959987266e-09
-2.541270981717507858e-09
-2.554043597247405047e-09
-2.567188172443808359e-09
-2.580710022198218375e-09
-2.594614749715865798e-09
-2.608911202757178073e-09
-2.623611750910986768e-09
-2.638726950526822963e-09
-2.654261276158643347e-09
-2.670217963188725343e-09
-2.686606068039905540e-09
-2.703439564067477884e-09
-2.720727045501864479e-09
-2.738468637002337264e-09
-2.756666712568664822e-09
-2.775329066728348438e-09
-2.794460170504602112e-09
-2.814060603019649590e-09
-2.834134549466645332e-09
-2.854684964205238664e-09
-2.875710209502256984e-09
-2.897220575352359324e-09
-2.919232689665171194e-09
-2.941752335766615544e-09
-2.964791844061120541e-09
-2.988385072342388983e-09
-3.012556566119686244e-09
-3.037314460693326808e-09
-3.062678596588721199e-09
-3.088673856718601472e-09
-3.115297345134570961e-09
-3.142533952060778553e-09
-3.170381398556191393e-09
-3.198812892469738684e-09
-3.227791603198538860e-09
-3.257305175155607880e-09
-3.287325269941837087e-09
-3.317828504973888563e-09
-3.348800835934982878e-09
-3.380225469289924901e-09
-3.412098991534542545e-09
-3.444395267138530424e-09
-3.477110186346691083e-09
-3.510254589709522631e-09
-3.543844000481067223e-09
-3.577938626399526450e-09
-3.612575620995114281e-09
-3.647812326390204774e-09
-3.683670371371125642e-09
-3.720136361938375193e-09
-3.757211367560341002e-09
-3.794823399150267322e-09
-3.832915866417114783e-09
-3.871404535900255949e-09
-3.910181111018280445e-09
-3.949189827076900833e-09
-3.988372346728754079e-09
-4.027737943295698404e-09
-4.067328633465779391e-09
-4.107194292369894006e-09
-4.147377821775613506e-09
-4.187896899363953765e-09
-4.228725552721247575e-09
-4.269786946262769306e-09
-4.310994475895915184e-09
-4.352271747852319471e-09
-4.393525531006625832e-09
-4.434703686230464016e-09
-4.475705485827167888e-09
-4.516462058331135413e-09
-4.556914445566409427e-09
-4.597033692520008935e-09
-4.636840755136886024e-09
-4.676323609489538977e-09
-4.715455140563904772e-09
-4.754061317811297581e-09
-4.791975555385941360e-09
-4.828984282558045338e-09
-4.864972609947826666e-09
-4.899883285517091583e-09
-4.933690697209172400e-09
-4.966368502587485085e-09
-4.997807931890612087e-09
-5.027854101704808724e-09
-5.056288108852580319e-09
-5.082899117926523422e-09
-5.107569137827335952e-09
-5.130200165159248953e-09
-5.150701437947634425e-09
-5.168952221559415766e-09
-5.184811048692621118e-09
-5.198091398138719357e-09
-5.208588244518495726e-09
-5.216113593242740072e-09
-5.220577267519943589e-09
-5.221886121400687400e-09
-5.219942836920593423e-09
-5.214546063123580998e-09
-5.205510104815301840e-09
-5.192700823954312930e-09
-5.176056070294538005e-09
-5.155489193714990822e-09
-5.130892230846982136e-09
-5.102142187194397705e-09
-5.069122841226187106e-09
-5.031792549969823664e-09
-4.990124128517729279e-09
-4.944078603656335714e-09
-4.893606983341658930e-09
-4.838662045082274929e-09
-4.779307812097642845e-09
-4.715562146001255955e-09
-4.647486056060094355e-09
-4.575121019169197795e-09
-4.498576653118999640e-09
-4.417992507309205637e-09
-4.333527210724812675e-09
-4.245334172910530552e-09
-4.153646413953059706e-09
-4.058702688340443920e-09
-3.960783359063581215e-09
-3.860173962557482167e-09
-3.757213701770072663e-09
-3.652259505962936386e-09
-3.545686378014084508e-09
-3.437887039412858984e-09
-3.329273617977986790e-09
-3.220256076236253471e-09
-3.111241178767880134e-09
-3.002626844139543471e-09
-2.894799875073094160e-09
-2.788116600311784883e-09
-2.682914300767247570e-09
-2.579497880366786051e-09
-2.478135612015436287e-09
-2.379059648542354882e-09
-2.282460616899726512e-09
-2.188489084851998069e-09
-2.097250164312285535e-09
-2.008810890227436048e-09
-1.923194177474364744e-09
-1.840387795090852442e-09
-1.760337164712998136e-09
-1.682954856969887079e-09
-1.608120641842618002e-09
-1.535691320752966987e-09
-1.465507364739819630e-09
-1.397402990853017015e-09
-1.331219353481651671e-09
-1.266816547228267809e-09
-1.204087485381094713e-09
-1.142967068836542562e-09
-1.083437333094901670e-09
-1.025526353870421046e-09
-9.693042565366571303e-10
-9.148710046197133246e-10
-8.623472478855788857e-10
-8.118606932146636386e-10
-7.635369002330208899e-10
-7.174892750176945795e-10
-6.738090779972343427e-10
-6.325547355257134515e-10
-5.937411258257765829e-10
-5.573322369695839436e-10
-5.232404363519506298e-10
-4.913342880778041866e-10
-4.614563716183153696e-10
-4.334457386382133165e-10
-4.071577197968110392e-10
-3.824798009470303410e-10
-3.593298695138607105e-10
-3.376446655809228774e-10
-3.173573736119517639e-10
-2.983870321603018470e-10
-2.806374110312783465e-10
-2.640123139441358204e-10
-2.484323944402654990e-10
-2.338471237260099603e-10
-2.202330963650425870e-10
-2.075787175598306410e-10
-1.958642003748039146e-10
-1.850461593389834063e-10
-1.750585892773346801e-10
-1.658197355902629903e-10
-1.572487062162683511e-10
-1.492738584517814253e-10
-1.418439779416084486e-10
-1.349256964659732923e-10
-1.284988996461674512e-10
-1.225404913115742797e-10
-1.170164332053553445e-10
-1.118857051254216964e-10
-1.071092976374134056e-10
-1.026558174133017816e-10
-9.849878697376685875e-11
-9.461356066569125005e-11
-9.097522099449766518e-11
-8.755933005195120143e-11
-8.434785147207808096e-11
-8.132102937868781081e-11
-7.846102900937044332e-11
-7.575133144759749402e-11
-7.317518334356925187e-11
-7.072024545847185488e-11
-6.837416608660021997e-11
-6.612553358383351962e-11
-6.396407966262855269e-11
-6.188077487813235796e-11
-5.986778931339526843e-11
-5.791792896975278260e-11
-5.602502854407873785e-11
-5.418383454094412274e-11
-5.238950038140010914e-11
-5.063822566024531762e-11
-4.892661532637900976e-11
-4.725191224541483652e-11
-4.561192073630418017e-11
-4.400478477264654530e-11
-4.242916257695683266e-11
-4.088401688897182202e-11
-3.936868148761061185e-11
-3.788264813077143833e-11
-3.642580957264840228e-11
-3.499808122894481964e-11
-3.359965983341592835e-11
-3.223081694725790560e-11
-3.089192755273688116e-11
-2.958346051110486774e-11
-2.830588078331848184e-11
-2.705974363957871381e-11
-2.584553143736781837e-11
-2.466376950343395645e-11
-2.351491803880484249e-11
-2.239940756946397055e-11
-2.131758903378062932e-11
-2.026978717583563558e-11
-1.925621002352134883e-11
-1.827699899902925508e-11
-1.733224175245400241e-11
-1.642188042341713713e-11
-1.554582651252239831e-11
-1.470387025369645829e-11
-1.389573186033705161e-11
-1.312103655429152250e-11
-1.237934326978097815e-11
-1.167012826279954872e-11
-1.099279830128950874e-11
-1.034670219870461536e-11
-9.731122351058453509e-12
-9.145305121767284813e-12
-8.588435687121188478e-12
-8.059677142176976733e-12
-7.558147105598625768e-12
-7.082949216282689444e-12
-6.633163127490298489e-12
-6.207854778462781990e-12
-5.806086250967763156e-12
-5.426912222858707697e-12
-5.069392134365559105e-12
-4.732591811971938043e-12
-4.415585678907436926e-12
-4.117460929052798710e-12
-3.837323664036388371e-12
-3.574296042479447918e-12
-3.327526823554824032e-12
-3.096184046516995841e-12
-2.879459999661212116e-12
-2.676576695637555679e-12
-2.486779585850422726e-12
-2.309345211038848166e-12
-2.143576615061289343e-12
-1.988803601668255502e-12
-1.844386081695805053e-12
-1.709711600582236708e-12
-1.584195904894295116e-12
-1.467283239851906959e-12
-1.358444165626555302e-12
-1.257175804897867976e-12
-1.163001390183173964e-12
-1.075469215052546095e-12
-9.941508827270528228e-13
-9.186411029184729758e-13
-8.485589048334117469e-13
-7.835451202189274033e-13
-7.232604629253063971e-13
-6.673861142104518095e-13
-6.156216135518749343e-13
-5.676846877943324505e-13
-5.233112039746357657e-13
-4.822534351560686794e-13
-4.442783297516385025e-13
-4.091677032601312917e-13
-3.767181521553455326e-13
-3.467400779769908014e-13
-3.190548535812895807e-13
-2.934962692616056334e-13
-2.699098843266717727e-13
-2.481506367665735974e-13
-2.280838466769305550e-13
-2.095838035619009828e-13
-1.925353272510687988e-13
-1.768280331544203015e-13
-1.623615075089384364e-13
-1.490429524390221850e-13
-1.367834973993431189e-13
-1.255033415860911323e-13
-1.151273150818827221e-13
-1.055851425512583342e-13
-9.681256850406902772e-14
-8.874966979884054169e-14
-8.134112244945407852e-14
-7.453457066448498943e-14
-6.828411185771318849e-14
-6.254462072086464728e-14
-5.727578133171590240e-14
-5.244047374028355610e-14
-4.800377264528125313e-14
-4.393371050542030710e-14
-4.020132489797490545e-14
-3.677947058037788287e-14
-3.364350098285385887e-14
-3.077057266965712683e-14
-2.813985273251568709e-14
-2.573174550950921265e-14
-2.352783703190969802e-14
-2.151122291886449347e-14
-1.966613533738812391e-14
-1.797813254751105515e-14
-1.643391069309661384e-14
-1.502135640738352730e-14
-1.372945319551325351e-14
-1.254817601348953513e-14
-1.146841806672030432e-14
-1.048170711975526557e-14
-9.580119247655296434e-15
-8.756320973945079271e-15
-8.003692445574600811e-15
-7.316209920793805319e-15
-6.688322023437509727e-15
-6.114921780381187893e-15
-5.591308563828818440e-15
-5.113248618791653101e-15
-4.676899906324125854e-15
-4.278665430109727199e-15
-3.915099708128219351e-15
-3.583169703619406107e-15
-3.280220870250551023e-15
-3.003833944187295203e-15
-2.751671652897718918e-15
-2.521603935036106829e-15
-2.311728217457007595e-15
-2.120337263988624859e-15
-1.945794053435997733e-15
-1.786573307182513418e-15
-1.641346606738297364e-15
-1.508924993569319457e-15
-1.388309662818956120e-15
-1.278583532490474619e-15
-1.178800065775883880e-15
-1.088069373982061443e-15
-1.005599462054426028e-15
-9.307247887462410687e-16
-8.627987274013000608e-16
-8.011755485916934122e-16
-7.453052817302881382e-16
-6.947895181353579244e-16
-6.492816005066812960e-16
-6.083183659869045251e-16
-5.713605666126917937e-16
-5.379842099254720195e-16
-5.079222697606045423e-16
-4.809407759890846891e-16
-4.567602006460112256e-16
-4.350880211282618975e-16
-4.157454027277745051e-16
-3.986813047010538763e-16
-3.836881883013154507e-16
-3.705194076777503417e-16
-3.590377123813034327e-16
-3.491178341142674552e-16
-3.407215460446298357e-16
