# bin_3_3
-1.122598044568046370e-11
-1.129277353294596459e-11
-1.136213054088008867e-11
-1.143414714077159754e-11
-1.150892241352126794e-11
-1.158655886488457027e-11
-1.166716256655137393e-11
-1.175084327175294402e-11
-1.183771452029561488e-11
-1.192789370484888276e-11
-1.202150226399492389e-11
-1.211866571428210494e-11
-1.221951379846918563e-11
-1.232418059662023740e-11
-1.243280459792145297e-11
-1.254552890766093842e-11
-1.266250120760355335e-11
-1.278387404936473867e-11
-1.290980477957332339e-11
-1.304045580624840355e-11
-1.317599454872191193e-11
-1.331659371667462225e-11
-1.346243123306826469e-11
-1.361369051462638350e-11
-1.377056040129420169e-11
-1.393323543842794428e-11
-1.410191584709003130e-11
-1.427680751202550833e-11
-1.445812216904185060e-11
-1.464607738440623327e-11
-1.484089677782007081e-11
-1.504281005527861978e-11
-1.525205285733331141e-11
-1.546886687640408609e-11
-1.569349997788891346e-11
-1.592620610245944466e-11
-1.616724514163346092e-11
-1.641688288716631569e-11
-1.667539099161537689e-11
-1.694304689270714558e-11
-1.722013374873537433e-11
-1.750694056809191910e-11
-1.780376182273050267e-11
-1.811089709881914822e-11
-1.842865096963334790e-11
-1.875733304480436402e-11
-1.909725740822723921e-11
-1.944874186421017173e-11
-1.981210789937500616e-11
-2.018768081683494696e-11
-2.057578918591001290e-11
-2.097676417454954720e-11
-2.139093841266674800e-11
-2.181864511063503057e-11
-2.226021901405303571e-11
-2.271599483820901858e-11
-2.318630515030608349e-11
-2.367148007939284894e-11
-2.417184591681137148e-11
-2.468772492806726504e-11
-2.521943517810083422e-11
-2.576728836803153126e-11
-2.633158855562041969e-11
-2.691262908543176582e-11
-2.751069237796440563e-11
-2.812604762240468482e-11
-2.875894754500244066e-11
-2.940963173000211460e-11
-3.007832172202808304e-11
-3.076522005364928102e-11
-3.147050644200429341e-11
-3.219433311238827486e-11
-3.293682425907123603e-11
-3.369806970620202357e-11
-3.447812780239594012e-11
-3.527702263460356951e-11
-3.609474181447148480e-11
-3.693122831006783836e-11
-3.778637666507661397e-11
-3.866002902605383320e-11
-3.955197264437262068e-11
-4.046194038161520385e-11
-4.138960986419272425e-11
-4.233459180223164795e-11
-4.329642320905617856e-11
-4.427456280520255561e-11
-4.526839035751154852e-11
-4.627720419219270340e-11
-4.730022040195768327e-11
-4.833657043687259254e-11
-4.938529096796146529e-11
-5.044531390869029841e-11
-5.151546670502874489e-11
-5.259447142605162582e-11
-5.368093428842775818e-11
-5.477334204196983776e-11
-5.587006293684881944e-11
-5.696934378114622805e-11
-5.806931214367198906e-11
-5.916796040549404283e-11
-6.026314594513455820e-11
-6.135259265232715221e-11
-6.243390584189726397e-11
-6.350456612291850871e-11
-6.456192540604211605e-11
-6.560319837096281625e-11
-6.662549690444056586e-11
-6.762583213105767026e-11
-6.860112142814541045e-11
-6.954818626673032868e-11
-7.046377535377759635e-11
-7.134460575027438530e-11
-7.218737807752540606e-11
-7.298880944439709935e-11
-7.374561583032802115e-11
-7.445456052092555434e-11
-7.511248059104948268e-11
-7.571637293437369197e-11
-7.626344449381961483e-11
-7.675113209654000441e-11
-7.717713208130422610e-11
-7.753945200687669322e-11
-7.783647814218080111e-11
-7.806697115322310882e-11
-7.823012890414828913e-11
-7.832563665700248692e-11
-7.835370001592642853e-11
-7.831505001241022264e-11
-7.821090978044761752e-11
-7.804301657071998984e-11
-7.781360014985870685e-11
-7.752538088214601280e-11
-7.718142056450605277e-11
-7.678505082952406638e-11
-7.633981113838561587e-11
-7.584935113034809865e-11
-7.531731581446808645e-11
-7.474716469484190388e-11
-7.414206412575919387e-11
-7.350468920373095679e-11
-7.283706838613921058e-11
-7.214046683128636874e-11
-7.141525707085073957e-11
-7.066088169127515081e-11
-6.987587295743204261e-11
-6.905801752417892994e-11
-6.820445581811970269e-11
-6.731191900979310844e-11
-6.637704877385408452e-11
-6.539672170063224329e-11
-6.436834759209543207e-11
-6.329006362435127300e-11
-6.216093604599038175e-11
-6.098100693530803835e-11
-5.975126140060552044e-11
-5.847343215600774656e-11
-5.714973016062596090e-11
-5.578259767609997057e-11
-5.437453412339189758e-11
-5.292798077297931414e-11
-5.144525433701095371e-11
-4.992871612975112865e-11
-4.838115782390388609e-11
-4.680615172200171446e-11
-4.520817301422020744e-11
-4.359274112368813653e-11
-4.196623174023544548e-11
-4.033561705619772309e-11
-3.870798992671995739e-11
-3.709033622010872019e-11
-3.548930627542750317e-11
-3.391129755983242140e-11
-3.236259895900243405e-11
-3.084957544262293279e-11
-2.937854577543422887e-11
-2.795528610800889102e-11
-2.658481489455549165e-11
-2.527097967920845387e-11
-2.401617222575160780e-11
-2.282133873749631914e-11
-2.168593398220743565e-11
-2.060807958038008704e-11
-1.958461484965988181e-11
-1.861129758074766558e-11
-1.768300855112945754e-11
-1.679388744969687161e-11
-1.593733100578920373e-11
-1.510637261381726682e-11
-1.429415298110386968e-11
-1.349470028856966207e-11
-1.270346189070609950e-11
-1.191782209906873095e-11
-1.113771360804559148e-11
-1.036570475355248311e-11
-9.606886870543670964e-12
-8.868380617219904866e-12
-8.158350725443613854e-12
-7.485118924165402735e-12
-6.855931475744108629e-12
-6.276174217625757459e-12
-5.748315968159070109e-12
-5.271780317149715265e-12
-4.843157472230042629e-12
-4.456495055849169619e-12
-4.104445390411932743e-12
-3.778915319982115957e-12
-3.472646465765551668e-12
-3.180079479999657353e-12
-2.898446875980551376e-12
-2.627867829075958869e-12
-2.371272588866987585e-12
-2.132743253842338275e-12
-1.916204400308830355e-12
-1.723675133011141234e-12
-1.554559286098880225e-12
-1.405958800603331234e-12
-1.273529293079523588e-12
-1.153079460903634377e-12
-1.041874886595326010e-12
-9.391699308855476618e-13
-8.456829168236531218e-13
-7.624856647889019901e-13
-6.898352754875901703e-13
-6.268531737300953144e-13
-5.717753608559142745e-13
-5.229975282030121385e-13
-4.795337467983307167e-13
-4.412265357172179746e-13
-4.080226873611054484e-13
-3.796110888582285027e-13
-3.552778824553851333e-13
-3.343314750088151921e-13
-3.163308895299843588e-13
-3.010517972174463535e-13
-2.882775265376142485e-13
-2.777145208742888909e-13
-2.689351565679341628e-13
-2.616777773622838702e-13
-2.557501202314703934e-13
-2.509444337462990370e-13
-2.471058833506192480e-13
-2.440002276647998542e-13
-2.415258052422396945e-13
-2.394977405517695223e-13
-2.378284134743279856e-13
-2.364053374502208663e-13
-2.351351674359779402e-13
-2.339297508922072383e-13
-2.327264721593739226e-13
-2.314628514620156153e-13
-2.300897525733136382e-13
-2.285667244341703757e-13
-2.268621625908243363e-13
-2.249515281037382315e-13
-2.228159491643906304e-13
-2.204446035229613429e-13
-2.178284524876737538e-13
-2.149657695256066515e-13
-2.118580569667814416e-13
-2.085103834721149755e-13
-2.049320124875392710e-13
-2.011326672553519556e-13
-1.971254849971229048e-13
-1.929242307055496036e-13
-1.885443698655103538e-13
-1.840021463322644554e-13
-1.793150127759099061e-13
-1.745002966992808505e-13
-1.695763005884781740e-13
-1.645609958650566760e-13
-1.594723346606339480e-13
-1.543285942083259956e-13
-1.491470622538220289e-13
-1.439453567386897662e-13
-1.387399155825375479e-13
-1.335467093097184812e-13
-1.283808815884688448e-13
-1.232565662981093210e-13
-1.181871906630637813e-13
-1.131850236689682360e-13
-1.082615682337370685e-13
-1.034272241445213772e-13
-9.869141394949013684e-14
-9.406265270953722506e-14
-8.954828075916656646e-14
-8.515484528889830733e-14
-8.088775947972133888e-14
-7.675158538425702445e-14
-7.274996212860780383e-14
-6.888566898249593460e-14
-6.516066468391405999e-14
-6.157617546487197208e-14
-5.813270331665673169e-14
-5.483004105644300136e-14
-5.166754658304635265e-14
-4.864375164451147160e-14
-4.575705719764367738e-14
-4.300509826110846330e-14
-4.038529255731771582e-14
-3.789469138250980299e-14
-3.552982318807324488e-14
-3.328722406855490052e-14
-3.116302683261635110e-14
-2.915336264856644370e-14
-2.725415496257856899e-14
-2.546133214337504941e-14
-2.377064211978627279e-14
-2.217797002596516672e-14
-2.067903721393887852e-14
-1.926972022359016222e-14
-1.794591053849319961e-14
-1.670346023802095882e-14
-1.553848722839231596e-14
-1.444693393250056515e-14
-1.342501044059974405e-14
-1.246895450101858034e-14
-1.157515501072391028e-14
-1.074014535875437211e-14
-9.960595347503300425e-15
-9.233322071672096735e-15
-8.555265057814469520e-15
-7.923483226862436830e-15
-7.335170551089212134e-15
-6.787718805801384861e-15
-6.278523907164561943e-15
-5.805264437165541492e-15
-5.365634906027165022e-15
-4.957413678618827178e-15
-4.578568507912323041e-15
-4.227138563612749992e-15
-3.901281141603576680e-15
-3.599251052918575581e-15
-3.319483340869428693e-15
-3.060422892878932897e-15
-2.820626784966037201e-15
-2.598788639947791232e-15
-2.393671176928946636e-15
-2.204029845265384316e-15
-2.028813731092799196e-15
-1.867036933198933348e-15
-1.717642802243530994e-15
-1.579755056438313877e-15
-1.452571195290184689e-15
-1.335260244984450055e-15
-1.227063398964509073e-15
-1.127368294802087349e-15
-1.035513556490982303e-15
-9.508618238787258295e-16
-8.729235867878177924e-16
-8.012007090408921170e-16
-7.351598992465150856e-16
-6.743973034337992717e-16
-6.185567828265542222e-16
-5.671987252658830630e-16
-5.199927595599729836e-16
-4.766534708882548461e-16
-4.368248756397037520e-16
-4.002160500919046565e-16
-3.666119197031508079e-16
-3.357430805354020620e-16
-3.073660482317142186e-16
-2.813378837948213397e-16
-2.574958821003677444e-16
-2.356423843544080026e-16
-2.156069390537974106e-16
-1.972493860810900767e-16
-1.804324797169970648e-16
-1.650349162973268411e-16
-1.509442970121509712e-16
-1.380402793753233292e-16
-1.262189601268545507e-16
-1.153938862176219712e-16
-1.054842695002683489e-16
-9.641742412208557774e-17
-8.812276062907717687e-17
-8.053586599897982832e-17
-7.360300338287422168e-17
-6.727442746062056714e-17
-6.149994737692370689e-17
-5.622690096856815961e-17
-5.141191749606020660e-17
-4.702643804201429534e-17
-4.304118407131953425e-17
-3.941964076970896316e-17
-3.611754792572879844e-17
-3.309611819735248612e-17
-3.033387736059281153e-17
-2.781357968438038662e-17
-2.551197077717230111e-17
-2.340948259021724716e-17
-2.149516271289034551e-17
-1.975814882117899972e-17
-1.817913529613688513e-17
-1.673506037902991627e-17
-1.540959928711267852e-17
-1.419426298141960434e-17
-1.308466869791359330e-17
-1.207895279183332902e-17
-1.117171290231744976e-17
-1.035511497071724446e-17
