# bin_3_4
-5.338829141483834398e-12
-5.370999345277303637e-12
-5.404410352881392576e-12
-5.439108954607612131e-12
-5.475143623771988691e-12
-5.512564572863742560e-12
-5.551423807308891919e-12
-5.591775180289313400e-12
-5.633674452317658203e-12
-5.677179350293533883e-12
-5.722349629597981918e-12
-5.769247136790557161e-12
-5.817935874601450596e-12
-5.868482067606569250e-12
-5.920954225530253211e-12
-5.975423207226549753e-12
-6.031962283598682396e-12
-6.090647199445425182e-12
-6.151556243195610210e-12
-6.214770315524966342e-12
-6.280372999222183189e-12
-6.348450622102850828e-12
-6.419092325866902240e-12
-6.492390138987530492e-12
-6.568439043226088804e-12
-6.647337037933502148e-12
-6.729185211772783023e-12
-6.814087788354323318e-12
-6.902152203957887258e-12
-6.993489171147214294e-12
-7.088212745409341186e-12
-7.186440368691421469e-12
-7.288292931934189552e-12
-7.393894810270412674e-12
-7.503373903517681677e-12
-7.616861641870429825e-12
-7.734493011662468943e-12
-7.856406636769434448e-12
-7.982744819809780859e-12
-8.113653509586387432e-12
-8.249282295098088794e-12
-8.389784480877480528e-12
-8.535317079420662365e-12
-8.686040710018204132e-12
-8.842119618577519385e-12
-9.003721699739130440e-12
-9.171018242573973563e-12
-9.344183778932427166e-12
-9.523396187480722221e-12
-9.708836547869591572e-12
-9.900688907450281344e-12
-1.009914021566515839e-11
-1.030438004038663232e-11
-1.051660022188055567e-11
-1.073599477847388444e-11
-1.096275959774614306e-11
-1.119709206968294107e-11
-1.143919081646199875e-11
-1.168925489768039664e-11
-1.194748363265862171e-11
-1.221407648891758601e-11
-1.248923241006798022e-11
-1.277314961437331219e-11
-1.306602459548517302e-11
-1.336805129775170625e-11
-1.367942047460829177e-11
-1.400031862042202775e-11
-1.433092782954838241e-11
-1.467142444230707111e-11
-1.502197869225437630e-11
-1.538275314877331767e-11
-1.575390100627504092e-11
-1.613556577796672089e-11
-1.652787948283799326e-11
-1.693096255946861838e-11
-1.734492151561573777e-11
-1.776984828602549773e-11
-1.820581741059444546e-11
-1.865288501344577849e-11
-1.911108641499243156e-11
-1.958043455978221753e-11
-2.006091738049768490e-11
-2.055249506623973676e-11
-2.105509990010704049e-11
-2.156863373529924689e-11
-2.209296537686779147e-11
-2.262792766506589079e-11
-2.317331591818775702e-11
-2.372888428526434670e-11
-2.429434343699709158e-11
-2.486935677426638604e-11
-2.545353909086423047e-11
-2.604645166446541961e-11
-2.664760087217610734e-11
-2.725643428398615944e-11
-2.787233852433273496e-11
-2.849463529365124699e-11
-2.912257783150785927e-11
-2.975534598930690470e-11
-3.039204360654745269e-11
-3.103169740419438656e-11
-3.167325256849251200e-11
-3.231557321601359792e-11
-3.295743630438550325e-11
-3.359753017928337933e-11
-3.423445088490805248e-11
-3.486670606221756904e-11
-3.549270713403340974e-11
-3.611076867884556637e-11
-3.671910501838991550e-11
-3.731583501119919811e-11
-3.789898121540141761e-11
-3.846646777217096284e-11
-3.901612294853921605e-11
-3.954568142351650892e-11
-4.005279412674909580e-11
-4.053502764600263056e-11
-4.098987687595866965e-11
-4.141477274724128118e-11
-4.180709948918822429e-11
-4.216420731957198690e-11
-4.248343089975252251e-11
-4.276210746770747110e-11
-4.299759852339261604e-11
-4.318732045883634160e-11
-4.332878032070125228e-11
-4.341961437242995459e-11
-4.345762183616129402e-11
-4.344080104834913757e-11
-4.336738605486784441e-11
-4.323588597315515940e-11
-4.304513770059825553e-11
-4.279435501928005028e-11
-4.248319289224373712e-11
-4.211181353694155059e-11
-4.168094219260842993e-11
-4.119187912553386781e-11
-4.064649704027121422e-11
-4.004724408561845254e-11
-3.939713948008238992e-11
-3.869977821342088335e-11
-3.795931783733668173e-11
-3.718045994829837644e-11
-3.636836981765392324e-11
-3.552856770135559012e-11
-3.466679115803044287e-11
-3.378885830404344352e-11
-3.290053609651484256e-11
-3.200739579988466355e-11
-3.111467181438491497e-11
-3.022709229225850744e-11
-2.934871044516889476e-11
-2.848273755509579130e-11
-2.763138995458750029e-11
-2.679577231253247729e-11
-2.597580424863812474e-11
-2.517022070462575570e-11
-2.437666682828338838e-11
-2.359192809895125225e-11
-2.281224835074579432e-11
-2.203375730792924154e-11
-2.125297172768455313e-11
-2.046732129065626758e-11
-1.967562854384462131e-11
-1.887843750494317303e-11
-1.807815095359631090e-11
-1.727889595375740482e-11
-1.648616394214739669e-11
-1.570622759490337516e-11
-1.494542969268626198e-11
-1.420940451652256821e-11
-1.350231891967600259e-11
-1.282628390535950956e-11
-1.218108912607280120e-11
-1.156436403497908885e-11
-1.097220711662690516e-11
-1.040024149871548683e-11
-9.844771666155994132e-12
-9.303769811903928259e-12
-8.777348471450144186e-12
-8.267614480536204635e-12
-7.777844529684773036e-12
-7.311362401533054694e-12
-6.870361159261918374e-12
-6.455237969894553523e-12
-6.064611926174748583e-12
-5.696037826522261923e-12
-5.346999202724800064e-12
-5.015717271368366514e-12
-4.701353924057264719e-12
-4.403615473072259202e-12
-4.122093353415928948e-12
-3.855890316508726285e-12
-3.603694168789257302e-12
-3.364289110101141780e-12
-3.136930554798542949e-12
-2.921453967115192938e-12
-2.717999828326827760e-12
-2.526746331179688047e-12
-2.347741784109007080e-12
-2.180872296488689679e-12
-2.025858191132778308e-12
-1.882254933199026346e-12
-1.749480366851591559e-12
-1.626937291369237261e-12
-1.514057639197370742e-12
-1.410377000571382661e-12
-1.315409486935624779e-12
-1.228607317612978875e-12
-1.149215600156525866e-12
-1.076399408552482275e-12
-1.009298793446482332e-12
-9.471956992210616115e-13
-8.896146604067604390e-13
-8.363552662903111773e-13
-7.873889562383137954e-13
-7.426672390653739039e-13
-7.020798084440003085e-13
-6.653259252034688851e-13
-6.320592791188134025e-13
-6.018007344671217278e-13
-5.741229730298505420e-13
-5.486437292770670104e-13
-5.251571304198416744e-13
-5.035077115303332199e-13
-4.836140960714294146e-13
-4.653300181957016551e-13
-4.484833137695737246e-13
-4.328317076245971299e-13
-4.182039564408334925e-13
-4.044385740912619000e-13
-3.914645902244496574e-13
-3.791967334010371600e-13
-3.675710463671999272e-13
-3.564803221449807616e-13
-3.458266119983645015e-13
-3.355317597855914645e-13
-3.255546408074379195e-13
-3.158696605862514169e-13
-3.064370721335567280e-13
-2.972196596832627847e-13
-2.881773628419687357e-13
-2.792894865621883440e-13
-2.705446770739100177e-13
-2.619356908416007361e-13
-2.534481893415809241e-13
-2.450769606447074107e-13
-2.368184850706765941e-13
-2.286746734749245669e-13
-2.206438807101494143e-13
-2.127304439287186943e-13
-2.049375383577780662e-13
-1.972705407182714658e-13
-1.897336496186484846e-13
-1.823330835654641535e-13
-1.750743580297468372e-13
-1.679630178977731411e-13
-1.610046627263899896e-13
-1.542044032102983877e-13
-1.475671742097224331e-13
-1.410972636853307938e-13
-1.347985472312136737e-13
-1.286744178139743007e-13
-1.227274976421592706e-13
-1.169602381769977523e-13
-1.113741333330248289e-13
-1.059704367975567515e-13
-1.007495110558457034e-13
-9.571132872239479611e-14
-9.085522816052274787e-14
-8.618007203491136575e-14
-8.168425495896703664e-14
-7.736569452197533440e-14
-7.322198106438047131e-14
-6.925022290515669150e-14
-6.544737174961025500e-14
-6.180990618734790967e-14
-5.833423205125697344e-14
-5.501640975581897230e-14
-5.185238523013084611e-14
-4.883791076869977962e-14
-4.596857637917998802e-14
-4.323989351331076322e-14
-4.064725231499842459e-14
-3.818602601651643295e-14
-3.585154290085548165e-14
-3.363913584572105291e-14
-3.154414568836524710e-14
-2.956195291702851021e-14
-2.768797693724599633e-14
-2.591769428862529481e-14
-2.424666786817256861e-14
-2.267054010163475977e-14
-2.118503897510974336e-14
-1.978600325944108283e-14
-1.846935902161994263e-14
-1.723114359508678370e-14
-1.606749712093606610e-14
-1.497469288619274018e-14
-1.394910155332805025e-14
-1.298722749168005825e-14
-1.208570864801031605e-14
-1.124128930923225159e-14
-1.045086531120099439e-14
-9.711436590774237506e-15
-9.020155762717710423e-15
-8.374258854877231876e-15
-7.771140442680409939e-15
-7.208288723872359291e-15
-6.683312174154743162e-15
-6.193940265273597252e-15
-5.738009724697869803e-15
-5.313463398604283727e-15
-4.918343949128221376e-15
-4.550817897831131508e-15
-4.209113530828978062e-15
-3.891586578087340884e-15
-3.596664765585391080e-15
-3.322874496843598971e-15
-3.068814645040303511e-15
-2.833177142442825473e-15
-2.614729221581828948e-15
-2.412296617327837013e-15
-2.224796726644131652e-15
-2.051198548668246347e-15
-1.890538213899652313e-15
-1.741908231416835465e-15
-1.604467336014500076e-15
-1.477418547909686154e-15
-1.360020388278753121e-15
-1.251582565708784471e-15
-1.151452594170478966e-15
-1.059027037097293918e-15
-9.737389930747546938e-16
-8.950729610639316021e-16
-8.225339735830859572e-16
-7.556734718516995896e-16
-6.940717362279695194e-16
-6.373333761544791286e-16
-5.850920347752819626e-16
-5.370130810396327473e-16
-4.927810592696034489e-16
-4.520950703337202007e-16
-4.146885181826916760e-16
-3.803057305858806249e-16
-3.487074788165584731e-16
-3.196715900575015855e-16
-2.929996815216358084e-16
-2.684993963565268742e-16
-2.459986334983015561e-16
-2.253476465977965786e-16
-2.063977332505840431e-16
-1.890103956910019374e-16
-1.730643868064995787e-16
-1.584453487872499531e-16
-1.450395038335918201e-16
-1.327496193998614761e-16
-1.214862703082615332e-16
-1.111621769264785909e-16
-1.017012067131127981e-16
-9.303695975367973220e-17
-8.510076259212865232e-17
-7.782886614840164905e-17
-7.117036051006136615e-17
-6.507199553750488642e-17
-5.948334942652583854e-17
-5.436522460825441037e-17
-4.968319406540033831e-17
-4.540097669183152534e-17
-4.148667978049336744e-17
-3.790916946213977367e-17
-3.463780785083620644e-17
-3.164621039885997911e-17
-2.891150224163694029e-17
-2.641275184253959822e-17
-2.412990402899062068e-17
-2.204558007841477362e-17
-2.014397889719693441e-17
-1.840954091478107026e-17
-1.682620290246497956e-17
-1.537709596758998563e-17
-1.404922041535198694e-17
-1.283348168376520267e-17
-1.172170569662725319e-17
-1.070587783429663080e-17
-9.777640868352235403e-18
-8.929490060073581025e-18
-8.155970319469576394e-18
-7.453231168309157960e-18
-6.817441339919837845e-18
-6.243869158238376336e-18
-5.728288418501903978e-18
-5.267241149804274520e-18
-4.856535108360487128e-18
-4.491206456829974012e-18
-4.165721943049931991e-18
-3.875860964079436783e-18
-3.617602153594264009e-18
-3.386840822050418280e-18
-3.179865335418299799e-18
