# bin_3_1
-2.546891101256581670e-09
-2.555034871307948735e-09
-2.563460057773955244e-09
-2.572174869964883910e-09
-2.581187623698215334e-09
-2.590506489628358359e-09
-2.600139489585053615e-09
-2.610094552824925844e-09
-2.620379514470329797e-09
-2.631002471632551527e-09
-2.641971854012647669e-09
-2.653296244453692339e-09
-2.664984735138619065e-09
-2.677046362707327705e-09
-2.689489758882426622e-09
-2.702323356599529889e-09
-2.715555753000231612e-09
-2.729196154192416516e-09
-2.743254354447758171e-09
-2.757741848554194377e-09
-2.772670300465990744e-09
-2.788050046550808756e-09
-2.803889105289638911e-09
-2.820195882159872898e-09
-2.836982125930647790e-09
-2.854263176330468114e-09
-2.872052615002186227e-09
-2.890358013987926201e-09
-2.909185822927655596e-09
-2.928548428661470416e-09
-2.948463195377099891e-09
-2.968942151324491677e-09
-2.989988960074075937e-09
-3.011609673753282485e-09
-3.033815837607361726e-09
-3.056615699798336274e-09
-3.080013725613203407e-09
-3.104018142639533527e-09
-3.128635996744046741e-09
-3.153869750624445170e-09
-3.179733952652017721e-09
-3.206249633214838250e-09
-3.233426946329141941e-09
-3.261282673150301063e-09
-3.289855353217122762e-09
-3.319174204619565411e-09
-3.349251978095742466e-09
-3.380113360610878983e-09
-3.411788135383480443e-09
-3.444278155847017409e-09
-3.477573250738929766e-09
-3.511676175484803150e-09
-3.546564972447642545e-09
-3.582207835259607897e-09
-3.618597512982768794e-09
-3.655710549586466928e-09
-3.693528655921001163e-09
-3.732042764167473402e-09
-3.771240969187247771e-09
-3.811124967723639465e-09
-3.851673374402947690e-09
-3.892886989204315342e-09
-3.934781540960042536e-09
-3.977377150563809709e-09
-4.020738850823251876e-09
-4.064908157650883006e-09
-4.109946764521848476e-09
-4.155880392928275828e-09
-4.202699360397645176e-09
-4.250408424001860099e-09
-4.298938715382955061e-09
-4.348236580875491202e-09
-4.398220210284328076e-09
-4.448783467446367682e-09
-4.499872382508235728e-09
-4.551429989575395396e-09
-4.603466553894053404e-09
-4.656024635244966524e-09
-4.709154192232579363e-09
-4.762897459852015341e-09
-4.817270925315528187e-09
-4.872246445519695852e-09
-4.927744232366362116e-09
-4.983673697850944606e-09
-5.039953833934270813e-09
-5.096485517274015067e-09
-5.153210208759714364e-09
-5.210019296214728407e-09
-5.266835327803321032e-09
-5.323589443545346775e-09
-5.380241768650764040e-09
-5.436801077652080024e-09
-5.493241646753307880e-09
-5.549521177899522864e-09
-5.605448436132448797e-09
-5.660838244778628275e-09
-5.715456527720179059e-09
-5.769166528913561848e-09
-5.821887491233888600e-09
-5.873568571800075349e-09
-5.924156342986950199e-09
-5.973512660570384297e-09
-6.021451151734955582e-09
-6.067719117691673526e-09
-6.112069859042000944e-09
-6.154347743297625217e-09
-6.194415186064054693e-09
-6.232139571725671117e-09
-6.267356272689638029e-09
-6.299877481164878242e-09
-6.329468365178647146e-09
-6.355873373021657497e-09
-6.378852034943161751e-09
-6.398260292058074208e-09
-6.413949036433815959e-09
-6.425763743122146963e-09
-6.433443532230627222e-09
-6.436742150822585322e-09
-6.435463669197476439e-09
-6.429483943207739192e-09
-6.418653154559912256e-09
-6.402800024093782966e-09
-6.381737858233575146e-09
-6.355286993303076440e-09
-6.323343625531639445e-09
-6.285819497744998488e-09
-6.242616323636657214e-09
-6.193627979346875498e-09
-6.138752850691376790e-09
-6.078005127161038592e-09
-6.011356229049566756e-09
-5.938826305042917682e-09
-5.860421239606326193e-09
-5.776222208646295204e-09
-5.686347874878448351e-09
-5.590944545369778696e-09
-5.490162023406275060e-09
-5.384240412454698148e-09
-5.273435915795482266e-09
-5.158057924024752022e-09
-5.038432769919672983e-09
-4.914953048648704941e-09
-4.788042062428974113e-09
-4.658154206697504179e-09
-4.525774795008982080e-09
-4.391420926698865201e-09
-4.255618850982432776e-09
-4.118901923267881427e-09
-3.981803316638545970e-09
-3.844852502046970907e-09
-3.708553752615444528e-09
-3.573396221151066284e-09
-3.439838337420778091e-09
-3.308300863698585852e-09
-3.179164563803124638e-09
-3.052762052684249834e-09
-2.929376039424895451e-09
-2.809231243850837153e-09
-2.692499853824701495e-09
-2.579293364447550978e-09
-2.469669486998955046e-09
-2.363623455521758582e-09
-2.261096280587232838e-09
-2.161974941915301360e-09
-2.066102944186842909e-09
-1.973288214192384614e-09
-1.883315947747594655e-09
-1.795964827514833539e-09
-1.711024431119872100e-09
-1.628314308208967552e-09
-1.547698955780202894e-09
-1.469097707030034437e-09
-1.392487949772963101e-09
-1.317904802043490817e-09
-1.245431386411972880e-09
-1.175190780065571758e-09
-1.107332149407543057e-09
-1.042019842066366236e-09
-9.794208898189702298e-10
-9.196909593757949218e-10
-8.629581566823450938e-10
-8.093058408488570331e-10
-7.587593758650430279e-10
-7.112789468190611602e-10
-6.667642236348504651e-10
-6.250701462820260536e-10
-5.860310846932837722e-10
-5.494821386853548924e-10
-5.152785418740906013e-10
-4.832952894205791961e-10
-4.534166062022005674e-10
-4.255130955792745272e-10
-3.994354071170613181e-10
-3.750186883846567496e-10
-3.521083306313912962e-10
-3.305839374626321922e-10
-3.103777383310303834e-10
-2.914706707952279843e-10
-2.738700757424061074e-10
-2.575769019514353335e-10
-2.425576593393491011e-10
-2.287382693908387350e-10
-2.160094212370840329e-10
-2.042510742283251704e-10
-1.933480186791032528e-10
-1.832147466575819810e-10
-1.737939087751578367e-10
-1.650554027865318894e-10
-1.569703755197775674e-10
-1.494985359640455176e-10
-1.425891310679739720e-10
-1.361907552927815859e-10
-1.302584988847194479e-10
-1.247520067719672277e-10
-1.196328978117550286e-10
-1.148646879733556948e-10
-1.104123559824367192e-10
-1.062515722126500257e-10
-1.023551706228518660e-10
-9.869779824878883912e-11
-9.525587406743053447e-11
-9.200340356646512134e-11
-8.892282137422535761e-11
-8.599592994676660092e-11
-8.320626307650249429e-11
-8.053840519965559316e-11
-7.797881976736567851e-11
-7.551580125925630545e-11
-7.313808099004668056e-11
-7.083662016433772837e-11
-6.860319091202543980e-11
-6.643026270386206433e-11
-6.431182693117739376e-11
-6.224248521061565766e-11
-6.021783824078503108e-11
-5.823424655347706603e-11
-5.628863678872050875e-11
-5.437868892207699149e-11
-5.250257899874034171e-11
-5.065902086099965194e-11
-4.884705696033087226e-11
-4.706626661520706488e-11
-4.531638057236032484e-11
-4.359752293707054976e-11
-4.190999075219051326e-11
-4.025427213646883325e-11
-3.863101230411535230e-11
-3.704092690789841567e-11
-3.548485246255797616e-11
-3.396360641988465862e-11
-3.247806539147411547e-11
-3.102906504909682535e-11
-2.961742133086528608e-11
-2.824387222339997033e-11
-2.690912939245867728e-11
-2.561377628097970380e-11
-2.435831742014580779e-11
-2.314318330273033845e-11
-2.196863755217706483e-11
-2.083488545246216296e-11
-1.974198420189220418e-11
-1.868988821752937790e-11
-1.767842576218730251e-11
-1.670732513600674884e-11
-1.577619769068987062e-11
-1.488455220202588374e-11
-1.403180600435012454e-11
-1.321727824933906149e-11
-1.244022152867151764e-11
-1.169979722465534104e-11
-1.099511788631937143e-11
-1.032522387744868697e-11
-9.689118423290410046e-12
-9.085759485736605584e-12
-8.514070727464001312e-12
-7.972956859095749289e-12
-7.461297730521868033e-12
-6.977967770828497808e-12
-6.521835029717949794e-12
-6.091768558123387763e-12
-5.686642846617304783e-12
-5.305346508636337721e-12
-4.946780777787936417e-12
-4.609871600533256179e-12
-4.293563517546690049e-12
-3.996825680983716683e-12
-3.718659675503934387e-12
-3.458091633627124212e-12
-3.214184295869637998e-12
-2.986029457672555409e-12
-2.772751961741990141e-12
-2.573511797630050639e-12
-2.387502422802710885e-12
-2.213952510313428940e-12
-2.052124959130821856e-12
-1.901316643183029185e-12
-1.760857055027368034e-12
-1.630109189227080765e-12
-1.508467366097152035e-12
-1.395356694342331933e-12
-1.290231397661066288e-12
-1.192577090223934523e-12
-1.101908094855471158e-12
-1.017763997703231231e-12
-9.397124712105725798e-13
-8.673445625228457413e-13
-8.002761712426241682e-13
-7.381462484377462208e-13
-6.806163680794893401e-13
-6.273676297752587703e-13
-5.781009517161580121e-13
-5.325370194361680946e-13
-4.904150843251985514e-13
-4.514893277301683200e-13
-4.155304429275793627e-13
-3.823255128592021027e-13
-3.516735956911713699e-13
-3.233886016293532974e-13
-2.972964991327720162e-13
-2.732371365165225590e-13
-2.510578134066689051e-13
-2.306189324318729933e-13
-2.117911973807989156e-13
-1.944513361803868479e-13
-1.784879053480649165e-13
-1.637962039174006547e-13
-1.502783223698350353e-13
-1.378443033579863514e-13
-1.264105756084195803e-13
-1.158995061248768747e-13
-1.062381649856791636e-13
-9.736178520256597680e-14
-8.920744947874553855e-14
-8.171849887256981057e-14
-7.484266225474735703e-14
-6.853098598144007038e-14
-6.273847102915524854e-14
-5.742429693818985695e-14
-5.255024343384022174e-14
-4.808147368893262705e-14
-4.398577371646247727e-14
-4.023370772297342262e-14
-3.679770193559872926e-14
-3.365176678257277945e-14
-3.077204947546997695e-14
-2.813622891223448268e-14
-2.572391283833728534e-14
-2.351620189010141700e-14
-2.149590821540680826e-14
-1.964743057049769919e-14
-1.795658347070207808e-14
-1.641052065314633282e-14
-1.499731520714897916e-14
-1.370575384381943258e-14
-1.252537957082083353e-14
-1.144674538444447402e-14
-1.046125002059032289e-14
-9.560969750306115578e-15
-8.738615954569488557e-15
-7.987484970221210076e-15
-7.301537603445236757e-15
-6.675285585096397671e-15
-6.103607985538163436e-15
-5.581618743686332413e-15
-5.104964421909059977e-15
-4.669850068614454104e-15
-4.272796959657844289e-15
-3.910463919108790041e-15
-3.579810542519131835e-15
-3.278087340451744028e-15
-3.002845799270882923e-15
-2.751737454884344793e-15
-2.522569282032261510e-15
-2.313428536589681802e-15
-2.122586236521220369e-15
-1.948610654712564926e-15
-1.790177922251079488e-15
-1.645948656526926168e-15
-1.514672241555796416e-15
-1.395210991312749413e-15
-1.286613571269649503e-15
-1.187954810976748865e-15
-1.098316367811855382e-15
-1.016914231965379517e-15
-9.431696569167645278e-16
-8.765973982761999446e-16
-8.165586674142312393e-16
-7.623147710998780784e-16
-7.132496701972435896e-16
-6.689618028593676547e-16
-6.290903914760532803e-16
-5.932153456994479131e-16
-5.609292457421607965e-16
-5.319582703934663521e-16
-5.062300708668510778e-16
-4.834614829657906130e-16
-4.633036293812991450e-16
-4.455550289414811876e-16
-4.300134400925473687e-16
-4.166372986861769076e-16
