# bin_3_2
-1.706089209612773848e-10
-1.714631967170014523e-10
-1.723484315566708488e-10
-1.732656424583741663e-10
-1.742158842449970641e-10
-1.752002448070935510e-10
-1.762198525710968995e-10
-1.772758576741455173e-10
-1.783694158448615515e-10
-1.795016933137834581e-10
-1.806738658363008053e-10
-1.818871402808350639e-10
-1.831427795336103700e-10
-1.844420923293357611e-10
-1.857864326768885846e-10
-1.871771466952569505e-10
-1.886155568932279187e-10
-1.901029725250556901e-10
-1.916407435653747362e-10
-1.932302930614553536e-10
-1.948731056377898797e-10
-1.965706524918314474e-10
-1.983243436022902886e-10
-2.001355426721604695e-10
-2.020056846767621595e-10
-2.039363037648622088e-10
-2.059289628454056134e-10
-2.079851126104522025e-10
-2.101061133112195038e-10
-2.122934246296258006e-10
-2.145486313319221082e-10
-2.168732554130910203e-10
-2.192686532561045273e-10
-2.217362011109421867e-10
-2.242774691374490669e-10
-2.268939865794734859e-10
-2.295870026304729724e-10
-2.323577790489188444e-10
-2.352078596153763053e-10
-2.381386106758539973e-10
-2.411509468759732623e-10
-2.442460110893897521e-10
-2.474252042808425418e-10
-2.506893212786293316e-10
-2.540389691842865882e-10
-2.574753268518509921e-10
-2.609991794507527407e-10
-2.646107413766392815e-10
-2.683109164882137986e-10
-2.721005160950263375e-10
-2.759795337306977182e-10
-2.799487067018749663e-10
-2.840087911624535323e-10
-2.881595853636964547e-10
-2.924016505226403721e-10
-2.967350969189367212e-10
-3.011592930500343419e-10
-3.056745782715764062e-10
-3.102800987632511627e-10
-3.149749858533359352e-10
-3.197590252048954186e-10
-3.246305471061586346e-10
-3.295887716584966081e-10
-3.346322003731895020e-10
-3.397588730116635442e-10
-3.449672200691736734e-10
-3.502547551739003941e-10
-3.556197733366569779e-10
-3.610599532094392976e-10
-3.665734991594668682e-10
-3.721581054779069292e-10
-3.778114759880252788e-10
-3.835314685665116128e-10
-3.893150530130355523e-10
-3.951595802180107904e-10
-4.010613597202492930e-10
-4.070172020471391951e-10
-4.130229321381671815e-10
-4.190748691186947502e-10
-4.251690870106332388e-10
-4.313019495282730112e-10
-4.374694237170590648e-10
-4.436679206454605277e-10
-4.498931467722429245e-10
-4.561407760463134515e-10
-4.624065981644479744e-10
-4.686858243321657800e-10
-4.749744825010801186e-10
-4.812679592700093300e-10
-4.875617995952866596e-10
-4.938510705438671329e-10
-5.001306700670301624e-10
-5.063956308811129968e-10
-5.126406971405773628e-10
-5.188614011243330847e-10
-5.250525294683183511e-10
-5.312090029799020893e-10
-5.373254597265062598e-10
-5.433964486029379684e-10
-5.494165527064510959e-10
-5.553797600922517988e-10
-5.612806353655602555e-10
-5.671123342550351214e-10
-5.728692864154564998e-10
-5.785442267097575649e-10
-5.841316952233154293e-10
-5.896239605419711544e-10
-5.950147696445470971e-10
-6.002963819060465282e-10
-6.054610880705027784e-10
-6.105011376099872714e-10
-6.154078645339964793e-10
-6.201743128910257180e-10
-6.247913495485407310e-10
-6.292513982649467944e-10
-6.335445219990546652e-10
-6.376623120469864325e-10
-6.415951616641257666e-10
-6.453350806845801239e-10
-6.488724357398643004e-10
-6.521972946357839265e-10
-6.553007333398374140e-10
-6.581711324519186194e-10
-6.607999571566327782e-10
-6.631753561289392713e-10
-6.652870221145215376e-10
-6.671225347703698948e-10
-6.686697893612527058e-10
-6.699164995024976175e-10
-6.708488015422950486e-10
-6.714516614871608755e-10
-6.717092841277367715e-10
-6.716045269908161452e-10
-6.711196196849033481e-10
-6.702357204597311792e-10
-6.689316092009171839e-10
-6.671865640168082123e-10
-6.649778162425584556e-10
-6.622818587523218393e-10
-6.590744920060642810e-10
-6.553321969707372406e-10
-6.510297143322349243e-10
-6.461429560926386238e-10
-6.406479200418972089e-10
-6.345223152835986358e-10
-6.277450969891688814e-10
-6.202978186735794156e-10
-6.121646511982410317e-10
-6.033337656451680436e-10
-5.937975885979320400e-10
-5.835532384749455869e-10
-5.726034137024637915e-10
-5.609571371392387334e-10
-5.486310416835200420e-10
-5.356499673036667336e-10
-5.220478712611693942e-10
-5.078680736789219736e-10
-4.931641595675503929e-10
-4.779997520120938098e-10
-4.624481139873885201e-10
-4.465912892333433276e-10
-4.305190689554105986e-10
-4.143276397079754008e-10
-3.981174166495148560e-10
-3.819911634694558843e-10
-3.660505927764457202e-10
-3.503936708590139121e-10
-3.351115728842562779e-10
-3.202857729988683612e-10
-3.059854719943553889e-10
-2.922656203000647246e-10
-2.791644900722618675e-10
-2.667018566924519216e-10
-2.548773460543138769e-10
-2.436702669628458154e-10
-2.330400375004772473e-10
-2.229272202911754570e-10
-2.132555499212713004e-10
-2.039359215641014408e-10
-1.948718087555065029e-10
-1.859661993553417355e-10
-1.771287304482205492e-10
-1.682851146019296689e-10
-1.593853832735062700e-10
-1.504106737107202464e-10
-1.413769709238348604e-10
-1.323357854426605303e-10
-1.233704405476596155e-10
-1.145881706243954295e-10
-1.061087110123561089e-10
-9.804939655918763950e-11
-9.050956924705751944e-11
-8.355804315933991264e-11
-7.722310195083472370e-11
-7.149006896285250571e-11
-6.630352861621362646e-11
-6.157926757181051133e-11
-5.721908165864228804e-11
-5.312887991981722924e-11
-4.923475727371221688e-11
-4.549259422542393344e-11
-4.189213836990177037e-11
-3.844994578885546160e-11
-3.519869475351980502e-11
-3.217211554882637803e-11
-2.939416965168391632e-11
-2.686997402043696191e-11
-2.458880979070981862e-11
-2.252607341991323618e-11
-2.065416751532148480e-11
-1.894626339653992413e-11
-1.738183007521648838e-11
-1.594671076630293505e-11
-1.463180038524221348e-11
-1.343260294703554869e-11
-1.234497355906182145e-11
-1.136522081779463485e-11
-1.048721447859584082e-11
-9.701950066319193367e-12
-8.999700503903862339e-12
-8.370482334857332658e-12
-7.806988453372822437e-12
-7.304071921340188551e-12
-6.857159172168253967e-12
-6.462141294457522059e-12
-6.112965642628059617e-12
-5.805991760922642292e-12
-5.536362851000790877e-12
-5.299348891043942845e-12
-5.092072300644069407e-12
-4.910697360132762325e-12
-4.752130976510681028e-12
-4.613616970030147576e-12
-4.492052365583536038e-12
-4.384989576479797879e-12
-4.290327453487781707e-12
-4.205985690045409903e-12
-4.130084799766997652e-12
-4.060900086834881198e-12
-3.997011802801432512e-12
-3.937106910711301703e-12
-3.880036240465180714e-12
-3.824793969970993276e-12
-3.770513659516176110e-12
-3.716465922740449413e-12
-3.662027826909473191e-12
-3.606689259507052771e-12
-3.550042240733700002e-12
-3.491764112737814030e-12
-3.431613199648255970e-12
-3.369425098053147742e-12
-3.305095382057266161e-12
-3.238582951020531865e-12
-3.169894757719510244e-12
-3.099082521995150912e-12
-3.026237690044002976e-12
-2.951483119841175067e-12
-2.874970626030085608e-12
-2.796872820721115044e-12
-2.717383675139998683e-12
-2.636710424366167830e-12
-2.555074252024849248e-12
-2.472702395606165551e-12
-2.389828624046808983e-12
-2.306687042101394555e-12
-2.223511892796136926e-12
-2.140533302182815995e-12
-2.057975087777719502e-12
-1.976053793012790440e-12
-1.894975055297855584e-12
-1.814934046177565005e-12
-1.736112675711091074e-12
-1.658679970250034828e-12
-1.582790051630684586e-12
-1.508582469621431778e-12
-1.436181455118690035e-12
-1.365695620110806844e-12
-1.297218231840944200e-12
-1.230827569947727363e-12
-1.166586483484626979e-12
-1.104544526821105412e-12
-1.044736621730549767e-12
-9.871857161401735863e-13
-9.319024078673591029e-13
-8.788859678555400783e-13
-8.281261765128270474e-13
-7.796027122099503914e-13
-7.332875513498988799e-13
-6.891442126158323854e-13
-6.471301642078684441e-13
-6.071960482375734838e-13
-5.692884843881532261e-13
-5.333486577854029959e-13
-4.993152424989210474e-13
-4.671238081695767247e-13
-4.367076287076067800e-13
-4.079997622496342213e-13
-3.809311539366656575e-13
-3.554338504077809903e-13
-3.314393168281542525e-13
-3.088800934360461796e-13
-2.876892292536982126e-13
-2.678011409396083636e-13
-2.491511028879396838e-13
-2.316762891969130699e-13
-2.153151512652773184e-13
-2.000080551905530509e-13
-1.856974771319613338e-13
-1.723273491060335587e-13
-1.598445545311412632e-13
-1.481973657801519850e-13
-1.373368155954407664e-13
-1.272160559255072870e-13
-1.177903462032452253e-13
-1.090172897650133004e-13
-1.008563808400927200e-13
-9.326929084139634500e-14
-8.621936033943146084e-14
-7.967218587235527574e-14
-7.359486417846982141e-14
-6.795648684580577935e-14
-6.272768884397999348e-14
-5.788096769181319000e-14
-5.339040222057054874e-14
-4.923142932724541948e-14
-4.538142154231014234e-14
-4.181883119817538459e-14
-3.852358520945973063e-14
-3.547695175038760723e-14
-3.266135722641345335e-14
-3.006019963844091000e-14
-2.765815316121081334e-14
-2.544079086528276130e-14
-2.339460278831739267e-14
-2.150700066222010238e-14
-1.976627017627723600e-14
-1.816154110062258981e-14
-1.668254479146853304e-14
-1.531999459168884139e-14
-1.406503310948930242e-14
-1.290953771176190658e-14
-1.184606689373879935e-14
-1.086760312701041552e-14
-9.967635214330435043e-15
-9.140159096890946890e-15
-8.379543536446922988e-15
-7.680565553283257327e-15
-7.038438389760118773e-15
-6.448589793767520964e-15
-5.906786009531819544e-15
-5.409168396789958317e-15
-4.952228028507585577e-15
-4.532852668700535264e-15
-4.148244470229098339e-15
-3.795773827093924628e-15
-3.472902872034478946e-15
-3.177155052321818255e-15
-2.906178398424988829e-15
-2.657916237563526470e-15
-2.430594011670009846e-15
-2.222553440441535671e-15
-2.032173477316924524e-15
-1.857975514466109479e-15
-1.698576970069018068e-15
-1.552742822418272381e-15
-1.419367193204152173e-15
-1.297392196060841178e-15
-1.185861599609966869e-15
-1.083909131660161773e-15
-9.907447796532269317e-16
-9.056600878711424822e-16
-8.279903130037143251e-16
-7.571083237099931128e-16
-6.924129951342069309e-16
-6.333863107993916039e-16
-5.795371561036207112e-16
-5.303810845020378190e-16
-4.854895819518809073e-16
-4.444748947372944373e-16
-4.070111681716244580e-16
-3.727855604928090494e-16
-3.414989902892267908e-16
-3.128914980375149987e-16
-2.867296827105210763e-16
-2.628200726113590426e-16
-2.409609776057047445e-16
-2.209689595183253367e-16
-2.026919026575347820e-16
-1.860005742668243030e-16
-1.708013459548739355e-16
-1.569841145179198162e-16
-1.444490834051034574e-16
-1.330860745493467905e-16
-1.227912407402936167e-16
-1.134839742353280316e-16
-1.050692735000533981e-16
-9.745880920087519083e-17
-9.055825905615748849e-17
-8.432637882272623843e-17
-7.869994070826758445e-17
