# bin_1_1
-1.985639946966541922e-09
-1.990617724422028636e-09
-1.995756789219579611e-09
-2.001060955325197713e-09
-2.006533994436795685e-09
-2.012179394239204630e-09
-2.018000347671112657e-09
-2.023999805968854214e-09
-2.030180477097193049e-09
-2.036545149477832383e-09
-2.043096756671932429e-09
-2.049838196907507392e-09
-2.056772681275041909e-09
-2.063903208771874508e-09
-2.071232209396014444e-09
-2.078761747454582143e-09
-2.086493845719731468e-09
-2.094430895273802707e-09
-2.102575643405404569e-09
-2.110932326585118542e-09
-2.119505195281827934e-09
-2.128297008987946485e-09
-2.137307991918215995e-09
-2.146538465659398192e-09
-2.155991805974949597e-09
-2.165674796706916545e-09
-2.175592333356669736e-09
-2.185743113452830900e-09
-2.196124366813609176e-09
-2.206738918092910612e-09
-2.217594426499781595e-09
-2.228693136288402967e-09
-2.240028630063824083e-09
-2.251596460354624228e-09
-2.263397492711420755e-09
-2.275429282285900354e-09
-2.287685294647332183e-09
-2.300162282495155441e-09
-2.312855724720100791e-09
-2.325756570449892640e-09
-2.338867377492364049e-09
-2.352196759308296936e-09
-2.365742656917005627e-09
-2.379509444450640916e-09
-2.393522520687778220e-09
-2.407798087255091165e-09
-2.422336172947099591e-09
-2.437148003684497977e-09
-2.452249793388134871e-09
-2.467630454569278523e-09
-2.483266287954163208e-09
-2.499146262935542693e-09
-2.515235437749741218e-09
-2.531488429074701858e-09
-2.547884197950531188e-09
-2.564386367311382009e-09
-2.580963035046059199e-09
-2.597591992079213487e-09
-2.614248562811047518e-09
-2.630920934393420162e-09
-2.647575554656736818e-09
-2.664200535816288678e-09
-2.680799040729068669e-09
-2.697379697212613045e-09
-2.713995226296101923e-09
-2.730676469828226967e-09
-2.747474460649830442e-09
-2.764405159630827140e-09
-2.781450462601683750e-09
-2.798606742409787716e-09
-2.815798706524968729e-09
-2.832966821444826749e-09
-2.850025113639534997e-09
-2.866864107895816376e-09
-2.883427661475688721e-09
-2.899657981801721788e-09
-2.915565634231421192e-09
-2.931194849524591160e-09
-2.946598643127910984e-09
-2.961824687706219497e-09
-2.976896460560979702e-09
-2.991795966467847780e-09
-3.006455909619837465e-09
-3.020801422009533833e-09
-3.034768980391934988e-09
-3.048281044773656238e-09
-3.061301913216453136e-09
-3.073750533900345333e-09
-3.085578788809424671e-09
-3.096751164802096006e-09
-3.107264023683034912e-09
-3.117166104188144376e-09
-3.126476128523092249e-09
-3.135200570092180950e-09
-3.143203150868141597e-09
-3.150357578297383375e-09
-3.156494298096711437e-09
-3.161544771297004077e-09
-3.165500911407846925e-09
-3.168389361283372062e-09
-3.170239357168940901e-09
-3.171002125833132761e-09
-3.170586621319124099e-09
-3.168842039882543225e-09
-3.165629215707953978e-09
-3.160904517652697154e-09
-3.154647440870488718e-09
-3.146848578802162265e-09
-3.137471840949928270e-09
-3.126464550530680802e-09
-3.113732100502980000e-09
-3.099164872807574103e-09
-3.082673128392625685e-09
-3.064266072085952507e-09
-3.043953106521174493e-09
-3.021740494819016793e-09
-2.997534097595680593e-09
-2.971255857504382132e-09
-2.942879999728659608e-09
-2.912451261176306290e-09
-2.879990731161554151e-09
-2.845496734653822618e-09
-2.808951500833757077e-09
-2.770341524122865371e-09
-2.729723067667160200e-09
-2.687162743191220470e-09
-2.642710002110802658e-09
-2.596397812695393889e-09
-2.548253716050985773e-09
-2.498404849956785470e-09
-2.446924130246182244e-09
-2.393914468101511219e-09
-2.339447445422334344e-09
-2.283646932523313054e-09
-2.226650579187819540e-09
-2.168597591069982891e-09
-2.109604336759063897e-09
-2.049845376842709096e-09
-1.989481436961557826e-09
-1.928693159208102673e-09
-1.867645192330011174e-09
-1.806533339505670202e-09
-1.745549304475679100e-09
-1.684881493728654229e-09
-1.624715809513891491e-09
-1.565239614079893406e-09
-1.506623399091546372e-09
-1.449022811931950355e-09
-1.392576802113015480e-09
-1.337408707041941620e-09
-1.283611437891439153e-09
-1.231262223928820578e-09
-1.180413917330230060e-09
-1.131095898586105440e-09
-1.083319334981523652e-09
-1.037076241947590446e-09
-9.923455357960559301e-10
-9.490910831276632953e-10
-9.072705823457223067e-10
-8.668313982676860242e-10
-8.277205467361926104e-10
-7.898780941380423970e-10
-7.532457601748597695e-10
-7.177640409670077572e-10
-6.833774618992500396e-10
-6.500357800483025708e-10
-6.176967350319678221e-10
-5.863310089829359752e-10
-5.559238881195458482e-10
-5.264791442069596564e-10
-4.980187095784543307e-10
-4.705809024940530683e-10
-4.442144388815618955e-10
-4.189724831373073487e-10
-3.949020629287434145e-10
-3.720396522397752786e-10
-3.504046425579913590e-10
-3.299994674566519140e-10
-3.108098458055786535e-10
-2.928062766890777335e-10
-2.759449317989693744e-10
-2.601680453511388621e-10
-2.454040739301337534e-10
-2.315712242784224966e-10
-2.185822675190519372e-10
-2.063538579244495438e-10
-1.948158174422114935e-10
-1.839177328356388244e-10
-1.736331247904775420e-10
-1.639528950235452153e-10
-1.548761663178636757e-10
-1.463951627645279031e-10
-1.384880890501699583e-10
-1.311176910190641094e-10
-1.242389263449814285e-10
-1.178089869342446423e-10
-1.117939155222844373e-10
-1.061699574094004567e-10
-1.009179201882060785e-10
-9.601797854455232374e-11
-9.144540760157536874e-11
-8.717438988283097341e-11
-8.317922385038766989e-11
-7.943812875026960896e-11
-7.593171380298913705e-11
-7.264295750409189311e-11
-6.955739303088484729e-11
-6.666185931690515768e-11
-6.394295105776960095e-11
-6.138494431993868462e-11
-5.897241414478192852e-11
-5.669186034972934687e-11
-5.453327515504121678e-11
-5.248751793281040626e-11
-5.054573842689714576e-11
-4.869802380823882907e-11
-4.693543009565670414e-11
-4.525119966072160317e-11
-4.363833686252574260e-11
-4.209085927541289179e-11
-4.060293632796673674e-11
-3.916953501424675976e-11
-3.778621562079168796e-11
-3.644895236996983822e-11
-3.515410769330549707e-11
-3.389859742094398560e-11
-3.267963307012722070e-11
-3.149478743002001643e-11
-3.034208461769088927e-11
-2.921960566642710948e-11
-2.812600257237135995e-11
-2.705986522620458213e-11
-2.602024974610930245e-11
-2.500624769163809085e-11
-2.401715503966828695e-11
-2.305248465974508123e-11
-2.211176171181918720e-11
-2.119470917181024797e-11
-2.030108328660974449e-11
-1.943077573254892023e-11
-1.858361658967621645e-11
-1.775964736481815575e-11
-1.695876906952777365e-11
-1.618101934850472047e-11
-1.542639049402258201e-11
-1.469487692566716310e-11
-1.398649057093231595e-11
-1.330117067288559867e-11
-1.263891038237062327e-11
-1.199959307909626698e-11
-1.138313419328007213e-11
-1.078937948063249121e-11
-1.021815274257250578e-11
-9.669219165235058349e-12
-9.142342602086535917e-12
-8.637208201089375339e-12
-8.153475087931677310e-12
-7.690796043220954833e-12
-7.248730897154707978e-12
-6.826862499034979596e-12
-6.424710388102647339e-12
-6.041782442257298591e-12
-5.677550404301845273e-12
-5.331477620209758359e-12
-5.003002618506601787e-12
-4.691549149201871331e-12
-4.396535516852409106e-12
-4.117363130158732008e-12
-3.853442709696411605e-12
-3.604167723566540305e-12
-3.368946861931690876e-12
-3.147179860572649227e-12
-2.938282145821442918e-12
-2.741672309693925574e-12
-2.556778708763360217e-12
-2.383043827376947614e-12
-2.219920035448210517e-12
-2.066874617298953244e-12
-1.923391992568417415e-12
-1.788970309769523830e-12
-1.663124111595752889e-12
-1.545386932898537828e-12
-1.435306883061112645e-12
-1.332454657735950710e-12
-1.236415223178766968e-12
-1.146790479835393803e-12
-1.063203050306266749e-12
-9.852904778785000851e-13
-9.127094983184023685e-13
-8.451331111554666182e-13
-7.822484367911577429e-13
-7.237605521646502296e-13
-6.693895264432546421e-13
-6.188702615732405717e-13
-5.719535325241617932e-13
-5.284025100419446458e-13
-4.879945565228787542e-13
-4.505199509773561557e-13
-4.157816389979541724e-13
-3.835929919676115177e-13
-3.537789835753410177e-13
-3.261763872287128443e-13
-3.006319138577836497e-13
-2.770019306882611969e-13
-2.551512982316321137e-13
-2.349533663875622240e-13
-2.162896803552113301e-13
-1.990508683712705216e-13
-1.831339104940908112e-13
-1.684422659901785385e-13
-1.548862032113154323e-13
-1.423822856185364013e-13
-1.308531406739830502e-13
-1.202260950185013365e-13
-1.104337614571182885e-13
-1.014135152023761801e-13
-9.310731340267935470e-14
-8.546097789534307021e-14
-7.842359119415157987e-14
-7.195004803726095787e-14
-6.599570427577827511e-14
-6.052068333286262371e-14
-5.548874146986973677e-14
-5.086421850248896175e-14
-4.661604654942272547e-14
-4.271445938484600133e-14
-3.913185807843786565e-14
-3.584328326751778204e-14
-3.282504817174847935e-14
-3.005600566067680149e-14
-2.751524030501759805e-14
-2.518554460984359115e-14
-2.304895613512327966e-14
-2.109013924051930883e-14
-1.929486730517000188e-14
-1.764962209969491066e-14
-1.614224342329018536e-14
-1.476168617441255911e-14
-1.349751354519707604e-14
-1.234050033566346042e-14
-1.128187621569177985e-14
-1.031371588001277702e-14
-9.428500891509151563e-15
-8.619223207288536641e-15
-7.879507115019555710e-15
-7.203421051071097607e-15
-6.585536835198551454e-15
-6.020893896217218680e-15
-5.504968199046850451e-15
-5.033624651981930083e-15
-4.603073744930242004e-15
-4.209872830873378077e-15
-3.850843203321327155e-15
-3.523036441121998050e-15
-3.223741000520731044e-15
-2.950510614202555679e-15
-2.701123339463217812e-15
-2.473531483308283363e-15
-2.265861801088901956e-15
-2.076376167790848606e-15
-1.903506706918134069e-15
-1.745840740223606026e-15
-1.602057294342464061e-15
-1.470875517954914754e-15
-1.351215146116457860e-15
-1.242101840480393091e-15
-1.142669768216659159e-15
-1.052067692988014182e-15
-9.695218606230355242e-16
-8.943575190781687546e-16
-8.259537177435838411e-16
-7.637177315367960298e-16
-7.070977032538997847e-16
-6.556102332082267731e-16
-6.088223066062171227e-16
-5.663602059737919496e-16
-5.278884490332982608e-16
-4.930520027117305916e-16
-4.615173203710738023e-16
-4.329908958254343188e-16
-4.072257954436236514e-16
-3.839827822717051050e-16
-3.630218430476469064e-16
-3.441456397566721336e-16
-3.272103869666176403e-16
-3.120828890982852523e-16
-2.985870436390813015e-16
-2.865170124321885453e-16
-2.757333102680224359e-16
-2.661527414529952549e-16
-2.577061132987853281e-16
-2.502983139976286175e-16
-2.438109284624560015e-16
-2.381766864813211463e-16
-2.333601037087794939e-16
-2.292746328922553464e-16
-2.258314341919292977e-16
-2.229797149566016835e-16
-2.206675168384525651e-16
-2.188490020847983255e-16
