# bin_2_3
-8.087480395596760096e-12
-8.135246588845569355e-12
-8.184840326992824583e-12
-8.236329304512432915e-12
-8.289783601158321754e-12
-8.345275669925466346e-12
-8.402880436797948718e-12
-8.462675377711011554e-12
-8.524740577844812070e-12
-8.589158758216209139e-12
-8.656015423230229602e-12
-8.725398859464822007e-12
-8.797400249605025901e-12
-8.872113744847617567e-12
-8.949636492296146080e-12
-9.030068783931474801e-12
-9.113513972674993895e-12
-9.200078713117462233e-12
-9.289872867397466516e-12
-9.383009730962640028e-12
-9.479605937053176977e-12
-9.579781652053681801e-12
-9.683660438525238073e-12
-9.791369479607270612e-12
-9.903039481102811209e-12
-1.001880489355398958e-11
-1.013880383866257950e-11
-1.026317806489110691e-11
-1.039207308787921458e-11
-1.052563810152616972e-11
-1.066402609731262057e-11
-1.080739382203494832e-11
-1.095590158433604052e-11
-1.110971331997574154e-11
-1.126899667426610202e-11
-1.143392288225909780e-11
-1.160466660240099162e-11
-1.178140587630530395e-11
-1.196432216434040587e-11
-1.215360012765800546e-11
-1.234942725862812250e-11
-1.255199400498665711e-11
-1.276149356292394826e-11
-1.297812141317633733e-11
-1.320207505260293806e-11
-1.343355405577965206e-11
-1.367275955121949822e-11
-1.391989356129228885e-11
-1.417515905404433018e-11
-1.443875957297395793e-11
-1.471089825695672471e-11
-1.499177782639767282e-11
-1.528160001141672484e-11
-1.558056439169054637e-11
-1.588886845442190464e-11
-1.620670648139429768e-11
-1.653426843933173239e-11
-1.687173998439535261e-11
-1.721930052205173669e-11
-1.757712240151396539e-11
-1.794537089208212379e-11
-1.832420209408837948e-11
-1.871376245430553792e-11
-1.911418690535234888e-11
-1.952559743296897083e-11
-1.994810206023819313e-11
-2.038179198663325777e-11
-2.082674235473262897e-11
-2.128300871942341072e-11
-2.175062555576579142e-11
-2.222960498341480756e-11
-2.271993341100923480e-11
-2.322157114571234063e-11
-2.373444728205873379e-11
-2.425846064029460948e-11
-2.479347510239987581e-11
-2.533931827410560907e-11
-2.589577807018046351e-11
-2.646260011599719484e-11
-2.703948505402092445e-11
-2.762608510303609643e-11
-2.822200220533847460e-11
-2.882678386392825646e-11
-2.943992086174355597e-11
-3.006084282938341928e-11
-3.068891595702436177e-11
-3.132343983139811841e-11
-3.196364485703926912e-11
-3.260868833129754159e-11
-3.325765211636591237e-11
-3.390953820798348915e-11
-3.456326707601634762e-11
-3.521767354015297557e-11
-3.587150456440536226e-11
-3.652341578416852673e-11
-3.717197053370484677e-11
-3.781563608774323469e-11
-3.845278425769031440e-11
-3.908168738494963027e-11
-3.970051844215862149e-11
-4.030735194045273854e-11
-4.090016509530895918e-11
-4.147684103296941000e-11
-4.203516940619784558e-11
-4.257285140027660739e-11
-4.308750492275671520e-11
-4.357667536751918919e-11
-4.403784394087707829e-11
-4.446843983423515104e-11
-4.486585340959020263e-11
-4.522745514127193395e-11
-4.555061528372715061e-11
-4.583272296097045854e-11
-4.607121285277897423e-11
-4.626358970470570591e-11
-4.640746148378840656e-11
-4.650057222739858236e-11
-4.654085162613083796e-11
-4.652645335215545440e-11
-4.645579799799995935e-11
-4.632761060568355181e-11
-4.614096351865103472e-11
-4.589531994741777390e-11
-4.559056769617267647e-11
-4.522706104174295706e-11
-4.480565885725555465e-11
-4.432774334457350274e-11
-4.379522937269946513e-11
-4.321056240845654546e-11
-4.257671365745613932e-11
-4.189715330348624330e-11
-4.117581121893091922e-11
-4.041701218556664355e-11
-3.962540072261100220e-11
-3.880585603280671184e-11
-3.796339168608717150e-11
-3.710303466333543621e-11
-3.622969075888871294e-11
-3.534799958197180676e-11
-3.446218672490428406e-11
-3.357590832803482015e-11
-3.269212805399111217e-11
-3.181301447198847503e-11
-3.093990076832252343e-11
-3.007329758748249847e-11
-2.921298096334804424e-11
-2.835814170262504752e-11
-2.750760605066244878e-11
-2.666008870016637095e-11
-2.581445800216059970e-11
-2.496998458076309053e-11
-2.412653151096048183e-11
-2.328467531913937308e-11
-2.244572812169649191e-11
-2.161164071516412762e-11
-2.078479504864418839e-11
-1.996772496462848243e-11
-1.916280809342404714e-11
-1.837200481188432440e-11
-1.759671108391126669e-11
-1.683776221277441596e-11
-1.609557933965218096e-11
-1.537041924177620814e-11
-1.466266191746943368e-11
-1.397299938706263268e-11
-1.330249927247862859e-11
-1.265243776164246501e-11
-1.202404404563951664e-11
-1.141819908692359793e-11
-1.083530414411109771e-11
-1.027529112060948583e-11
-9.737816332313403184e-12
-9.222482614090239775e-12
-8.728999189815202198e-12
-8.257192978034101697e-12
-7.806924956808448143e-12
-7.377977452569103605e-12
-6.969992227707819298e-12
-6.582406041629008297e-12
-6.214424901006101729e-12
-5.865022204284219255e-12
-5.533057056573702643e-12
-5.217471656540741796e-12
-4.917460430853337793e-12
-4.632473184196891889e-12
-4.362088275409423161e-12
-4.105845517885951241e-12
-3.863198020494699814e-12
-3.633511053064251941e-12
-3.416150543083148488e-12
-3.210549172785861072e-12
-3.016278116445076240e-12
-2.833053104688548672e-12
-2.660707583635757611e-12
-2.499116250049314802e-12
-2.348141217817270885e-12
-2.207526553879461738e-12
-2.076889350257708440e-12
-1.955667587894182770e-12
-1.843203371064327951e-12
-1.738769473386562376e-12
-1.641679726699058433e-12
-1.551336660258039862e-12
-1.467248991113436375e-12
-1.389039109008680660e-12
-1.316363039053989839e-12
-1.248890019956897462e-12
-1.186215331058038056e-12
-1.127916893307425382e-12
-1.073534705639039736e-12
-1.022730677241898174e-12
-9.752336678704848384e-13
-9.308923764066899429e-13
-8.895642508310575449e-13
-8.511027696196144744e-13
-8.152839916036627242e-13
-7.818259609603080035e-13
-7.504192907785133336e-13
-7.208079128448086448e-13
-6.927967860311606843e-13
-6.662733921055737145e-13
-6.411282216508737358e-13
-6.172690314157209711e-13
-5.945827838399643617e-13
-5.729415576656146758e-13
-5.522352738375123318e-13
-5.323596433824920567e-13
-5.132489561706599925e-13
-4.948342547714648959e-13
-4.770682073751369664e-13
-4.598972653835668869e-13
-4.432687179207193826e-13
-4.271450733887863987e-13
-4.114900871194241629e-13
-3.962764472371741169e-13
-3.814856220049667857e-13
-3.670925869484597401e-13
-3.530821040633333087e-13
-3.394395695475201181e-13
-3.261524607869625046e-13
-3.132146699617793636e-13
-3.006168365308745354e-13
-2.883554276328029800e-13
-2.764240443438172394e-13
-2.648198516936153383e-13
-2.535400900117052009e-13
-2.425824940089333185e-13
-2.319443956897835014e-13
-2.216244653839923626e-13
-2.116205277124986125e-13
-2.019306567252362181e-13
-1.925527067107837215e-13
-1.834844474330974153e-13
-1.747232448358643008e-13
-1.662661385552262135e-13
-1.581099671771440623e-13
-1.502510001379925353e-13
-1.426853254230941220e-13
-1.354085602970852263e-13
-1.284159968366606365e-13
-1.217026275155399525e-13
-1.152630621000020639e-13
-1.090916662866892772e-13
-1.031825100740254053e-13
-9.752942277815211716e-14
-9.212600276943292223e-14
-8.696570783755560132e-14
-8.204178556197257855e-14
-7.734740763543234346e-14
-7.287561120703942464e-14
-6.861937443872966355e-14
-6.457163745243495158e-14
-6.072529993914409944e-14
-5.707329173928228235e-14
-5.360855184924062853e-14
-5.032406446297421773e-14
-4.721289423414660586e-14
-4.426815652202565055e-14
-4.148308211760762232e-14
-3.885098804860669829e-14
-3.636533178440741486e-14
-3.401968692291594168e-14
-3.180777495772839816e-14
-2.972348030448417559e-14
-2.776082039973324872e-14
-2.591400444074574041e-14
-2.417738899788629531e-14
-2.254551986371885873e-14
-2.101310275253180658e-14
-1.957504067428923410e-14
-1.822640080799764182e-14
-1.696243363087908129e-14
-1.577857726764812067e-14
-1.467043761088510573e-14
-1.363381802633169887e-14
-1.266467377500896626e-14
-1.175916912734250263e-14
-1.091360139991463837e-14
-1.012446315722698024e-14
-9.388399938919938271e-15
-8.702211652420889039e-15
-8.062866950412983437e-15
-7.467479337107365121e-15
-6.913319058118570945e-15
-6.397787951082025035e-15
-5.918444838892832833e-15
-5.472954730077787063e-15
-5.059137190687829238e-15
-4.674913061081409491e-15
-4.318336033718208907e-15
-3.987564833685449654e-15
-3.680864933562789620e-15
-3.396612789991248058e-15
-3.133270454371205330e-15
-2.889406207778107430e-15
-2.663667199857048014e-15
-2.454792735285138210e-15
-2.261600239610020562e-15
-2.082986999060249823e-15
-1.917915494449886502e-15
-1.765420777413227330e-15
-1.624596585482614092e-15
-1.494595623579311275e-15
-1.374633119518643825e-15
-1.263968538594559074e-15
-1.161919332486670496e-15
-1.067842337528785126e-15
-9.811425558160708256e-16
-9.012644431888962191e-16
-8.276905545271973445e-16
-7.599431960101779972e-16
-6.975767570832208017e-16
-6.401807235616331792e-16
-5.873723617966608720e-16
-5.387997008460234956e-16
-4.941336292028854817e-16
-4.530750554820184294e-16
-4.153425459574954008e-16
-3.806781689658583164e-16
-3.488425885978208347e-16
-3.196124604607774330e-16
-2.927828205599933074e-16
-2.681629272584389761e-16
-2.455765379924654228e-16
-2.248588077350422773e-16
-2.058598206467825589e-16
-1.884390735824979153e-16
-1.724673758745701736e-16
-1.578256148550722677e-16
-1.444056515289683901e-16
-1.321066704363854765e-16
-1.208369280151620084e-16
-1.105143084840482744e-16
-1.010606486647139213e-16
-9.240555630332612763e-17
-8.448368967740857867e-17
-7.723322005751112701e-17
-7.059638755117366625e-17
-6.452209108458076590e-17
-5.896378305114476868e-17
-5.387861793293695584e-17
-4.922872788415377852e-17
-4.497885420864356020e-17
-4.109396054149917299e-17
-3.754233318808107234e-17
-3.429636802163083312e-17
-3.133008370223189532e-17
-2.861923651260459608e-17
-2.614201235633438922e-17
-2.387762892403968948e-17
-2.180757917004058941e-17
-1.991554440249255730e-17
-1.818696656594571385e-17
-1.660872567618785764e-17
-1.516876803548746168e-17
-1.385598498846240282e-17
-1.266042923302512390e-17
-1.157285131772470305e-17
-1.058496103101291948e-17
-9.688981269252090425e-18
-8.877151926482713036e-18
-8.143055690283912661e-18
-7.480113336595695223e-18
-6.882722339018693668e-18
-6.345156897369387423e-18
-5.861875063218949578e-18
-5.427934147643484149e-18
-5.038948191869406263e-18
-4.690472419637195898e-18
-4.378877429048378838e-18
-4.100636940068972857e-18
-3.852733521480848980e-18
-3.632344743448078422e-18
-3.436609473016197547e-18
-3.262868806557144968e-18
-3.108573307397701780e-18
-2.971411378687003627e-18
-2.849726161924906974e-18
-2.742044674720248969e-18
-2.647069794125922440e-18
