# bin_2_2
-1.407654180237899473e-10
-1.414414088546809462e-10
-1.421414879825908911e-10
-1.428664134483887451e-10
-1.436169717132249611e-10
-1.443939725783280271e-10
-1.451982562131716831e-10
-1.460306744778069740e-10
-1.468920745696179905e-10
-1.477833034772840466e-10
-1.487052068156647409e-10
-1.496586495245859945e-10
-1.506445402128709949e-10
-1.516638208089139874e-10
-1.527174655036289360e-10
-1.538064281054333612e-10
-1.549316256712580262e-10
-1.560939485417356842e-10
-1.572943129349669913e-10
-1.585336928799734049e-10
-1.598131083396182577e-10
-1.611335509340973105e-10
-1.624959356836750840e-10
-1.639011155150771229e-10
-1.653499969065949667e-10
-1.668435678215074848e-10
-1.683828277295274447e-10
-1.699686475657383505e-10
-1.716017899451474241e-10
-1.732830957740768626e-10
-1.750135100623628221e-10
-1.767938967463534000e-10
-1.786249362092710135e-10
-1.805073069661630737e-10
-1.824418575779581490e-10
-1.844293753134487560e-10
-1.864703492425790297e-10
-1.885652575196242077e-10
-1.907148334780580470e-10
-1.929196124542004283e-10
-1.951796598682942890e-10
-1.974952420700005176e-10
-1.998668560189097088e-10
-2.022943743118930107e-10
-2.047774561906438517e-10
-2.073162995098083724e-10
-2.099106901662693774e-10
-2.125598263425503845e-10
-2.152635618013099918e-10
-2.180216357089780353e-10
-2.208329549260415307e-10
-2.236971326755813726e-10
-2.266137756541325879e-10
-2.295815168992178527e-10
-2.325997124945073290e-10
-2.356672525242605734e-10
-2.387822716528405118e-10
-2.419438394870326676e-10
-2.451498322256459608e-10
-2.483980857879252470e-10
-2.516870596559448949e-10
-2.550137582661272074e-10
-2.583760352699241906e-10
-2.617710155563388702e-10
-2.651953476347752048e-10
-2.686460541024961640e-10
-2.721192572099963071e-10
-2.756118376149017554e-10
-2.791200631225923598e-10
-2.826407120093656652e-10
-2.861700418284660222e-10
-2.897043258523370629e-10
-2.932400168793639959e-10
-2.967727053973103618e-10
-3.002983625764063446e-10
-3.038119399521331429e-10
-3.073088928780710935e-10
-3.107837266448414459e-10
-3.142314609052833675e-10
-3.176469221619862657e-10
-3.210252707991220243e-10
-3.243613107855381160e-10
-3.276503353639669596e-10
-3.308870061689054967e-10
-3.340660359295431617e-10
-3.371823254396909924e-10
-3.402302908563163664e-10
-3.432052444691954721e-10
-3.461019739513376249e-10
-3.489155512482745831e-10
-3.516407054341590052e-10
-3.542721185830108573e-10
-3.568047496618427368e-10
-3.592334094786888066e-10
-3.615538838958696975e-10
-3.637613925930185717e-10
-3.658514607912341589e-10
-3.678195504830189240e-10
-3.696612809915069255e-10
-3.713725842689528372e-10
-3.729490477415668646e-10
-3.743870212984563212e-10
-3.756817247461865785e-10
-3.768299857871950283e-10
-3.778273514038344910e-10
-3.786715275017535994e-10
-3.793582985000398913e-10
-3.798852787567018718e-10
-3.802489652973816624e-10
-3.804463351424548474e-10
-3.804748591097413532e-10
-3.803315674599557440e-10
-3.800156248933858779e-10
-3.795245617089466094e-10
-3.788579862251225140e-10
-3.780136835590668274e-10
-3.769914621702417179e-10
-3.757904820509547482e-10
-3.744121499177282703e-10
-3.728569204496159588e-10
-3.711255704315708902e-10
-3.692204288038158176e-10
-3.671418708592169996e-10
-3.648941642732252197e-10
-3.624790153698378076e-10
-3.599002475590597489e-10
-3.571601463634801744e-10
-3.542620531531915641e-10
-3.512097941730839682e-10
-3.480063670438474470e-10
-3.446544101671669396e-10
-3.411564716990977689e-10
-3.375144428904227820e-10
-3.337301732355330204e-10
-3.298049914186835998e-10
-3.257383198513633638e-10
-3.215306782087777150e-10
-3.171810990170678685e-10
-3.126880503094540383e-10
-3.080493000602778097e-10
-3.032632120555179468e-10
-2.983264883465029931e-10
-2.932366116879523138e-10
-2.879904847575924930e-10
-2.825857023766362876e-10
-2.770197766734732553e-10
-2.712912412246885045e-10
-2.653991244152003302e-10
-2.593438251281239542e-10
-2.531269130151423723e-10
-2.467513212950831200e-10
-2.402219115991331183e-10
-2.335455784408831344e-10
-2.267317779955965887e-10
-2.197926901510639238e-10
-2.127438564962124500e-10
-2.056039497831472210e-10
-1.983953105187669431e-10
-1.911434272170899258e-10
-1.838770051394985163e-10
-1.766271687149273779e-10
-1.694271406539048407e-10
-1.623114855462442827e-10
-1.553150243068151798e-10
-1.484720024512025038e-10
-1.418144286924511368e-10
-1.353709640164085565e-10
-1.291656586370666349e-10
-1.232171153438785590e-10
-1.175378106487692618e-10
-1.121339569556152409e-10
-1.070049930026121578e-10
-1.021436848824168932e-10
-9.753600493583471542e-11
-9.316170154818009889e-11
-8.899504118268010126e-11
-8.500567832994070899e-11
-8.116003152224228196e-11
-7.742334737374086972e-11
-7.376208145813658501e-11
-7.014669415437060691e-11
-6.655411008050314283e-11
-6.297067058309391083e-11
-5.939412335233150396e-11
-5.583461869466282055e-11
-5.231424605078191035e-11
-4.886526932781934522e-11
-4.552667642935655348e-11
-4.233968401032362549e-11
-3.934249062090555519e-11
-3.656487874700590474e-11
-3.402351056581508081e-11
-3.171946609632289795e-11
-2.963747572753700475e-11
-2.774860902875604489e-11
-2.601465920557981194e-11
-2.439541756383421494e-11
-2.285539024385398884e-11
-2.137026865843094591e-11
-1.993008637665071472e-11
-1.853912146118390183e-11
-1.721194144273373762e-11
-1.596693789798817136e-11
-1.481929812078814314e-11
-1.377559318151455592e-11
-1.283218278356960240e-11
-1.197651831675838212e-11
-1.119305942664810894e-11
-1.046722658133286858e-11
-9.790146896330122809e-12
-9.158011043212389620e-12
-8.571017603702756269e-12
-8.029693017328903116e-12
-7.533257168084837264e-12
-7.078993094225963560e-12
-6.662984114308400491e-12
-6.281321040684695775e-12
-5.930775789033990179e-12
-5.608282659075934253e-12
-5.311685724267097292e-12
-5.038756328393567157e-12
-4.787854163468750899e-12
-4.557420079166954067e-12
-4.345794970949243073e-12
-4.151130391578708981e-12
-3.971426290246733245e-12
-3.805620764172603759e-12
-3.652499731669035727e-12
-3.510570765860111541e-12
-3.378914232966446630e-12
-3.256314310512184772e-12
-3.141797086902089111e-12
-3.034560508468787629e-12
-2.933726778569197119e-12
-2.838589140826662971e-12
-2.748480951718177483e-12
-2.662795645940434476e-12
-2.580998834428479410e-12
-2.502614812037867689e-12
-2.427221755571495243e-12
-2.354449056131335923e-12
-2.283968645885503910e-12
-2.215498443248798131e-12
-2.148796749339750367e-12
-2.083652550693230839e-12
-2.019891620850429795e-12
-1.957365116181982628e-12
-1.895954174151899757e-12
-1.835561855527241213e-12
-1.776113232649627198e-12
-1.717552585012088878e-12
-1.659840187329063844e-12
-1.602951005424220835e-12
-1.546872448557661011e-12
-1.491602551686063370e-12
-1.437147181895481363e-12
-1.383522579550337127e-12
-1.330748130066441354e-12
-1.278851063735278282e-12
-1.227861331241579299e-12
-1.177811948818996234e-12
-1.128738878734845726e-12
-1.080678071467508730e-12
-1.033666465724476806e-12
-9.877397075827451048e-13
-9.429327756260229380e-13
-8.992776695755805233e-13
-8.568048828381243084e-13
-8.155406500834868264e-13
-7.755088934052592137e-13
-7.367289959735068813e-13
-6.992168566471724332e-13
-6.629845757463915460e-13
-6.280394005280337275e-13
-5.943850050820359191e-13
-5.620203503638644149e-13
-5.309404875713451722e-13
-5.011363115889456918e-13
-4.725951485553303253e-13
-4.453004078202170176e-13
-4.192327315714277582e-13
-3.943691878631907028e-13
-3.706846332889883853e-13
-3.481513007107840007e-13
-3.267392210190777736e-13
-3.064169874882932524e-13
-2.871513103428337716e-13
-2.689079294868308288e-13
-2.516512531068355595e-13
-2.353450867842246150e-13
-2.199525064378480467e-13
-2.054366051044437754e-13
-1.917600737102347107e-13
-1.788862001793504784e-13
-1.667784077778463244e-13
-1.554007477044984007e-13
-1.447181575965232987e-13
-1.346961169198990714e-13
-1.253012563553469838e-13
-1.165010324418798170e-13
-1.082639994477795413e-13
-1.005596820254305121e-13
-9.335872382821291161e-14
-8.663269888304811987e-14
-8.035442402211837702e-14
-7.449767665956878642e-14
-6.903749644635947280e-14
-6.395001257351843079e-14
-5.921243307752621254e-14
-5.480323557837152473e-14
-5.070182643857304568e-14
-4.688881080195346160e-14
-4.334579758893931700e-14
-4.005538691874600700e-14
-3.700114280749433268e-14
-3.416753760989458400e-14
-3.153991824840138074e-14
-2.910435427852235201e-14
-2.684789790502099895e-14
-2.475821107153357266e-14
-2.282376865120925667e-14
-2.103373990570668773e-14
-1.937802747291698548e-14
-1.784714771679542940e-14
-1.643219888217152982e-14
-1.512498034647547107e-14
-1.391773179060887156e-14
-1.280317952635336425e-14
-1.177466233788896078e-14
-1.082584576712387128e-14
-9.950809659478729129e-15
-9.144121320512733291e-15
-8.400679221056915848e-15
-7.715695684160726459e-15
-7.084757680033645702e-15
-6.503806831784778913e-15
-5.969023197932036168e-15
-5.476850909301146227e-15
-5.024103397649053997e-15
-4.607710366098026555e-15
-4.224855182782653856e-15
-3.873009586308267704e-15
-3.549757568029839180e-15
-3.252835358872827286e-15
-2.980204099795135428e-15
-2.729933287399743636e-15
-2.500208742082808035e-15
-2.289401753366372175e-15
-2.095969853705411850e-15
-1.918453440252023720e-15
-1.755556603072021870e-15
-1.606139941062904788e-15
-1.469184656462123408e-15
-1.343757190687720536e-15
-1.228966744327822986e-15
-1.123940985084403874e-15
-1.027837452982645828e-15
-9.398970456380785130e-16
-8.594429559355378355e-16
-7.858521403613168813e-16
-7.185524946044578997e-16
-6.570094194420580154e-16
-6.007394196883013165e-16
-5.492923827362455619e-16
-5.022666672825310493e-16
-4.592995585415962306e-16
-4.200513333122908123e-16
-3.842081009761373048e-16
-3.514801742929263810e-16
-3.216097231631156037e-16
-2.943670617176027008e-16
-2.695351086509077608e-16
-2.469042991838058962e-16
-2.262694472410304519e-16
-2.074572998071186184e-16
-1.903044496183751939e-16
-1.746517107255844993e-16
-1.603614917279575442e-16
-1.473160674105962377e-16
-1.354174901967103039e-16
-1.245728085002506881e-16
-1.146853258644931166e-16
-1.056686665975768409e-16
-9.744182625327746142e-17
-8.993415147338947681e-17
-8.308556437477609425e-17
-7.684504229028511148e-17
-7.116630673985292174e-17
-6.601353097054678066e-17
-6.136034650165761062e-17
-5.716802104462696475e-17
-5.339249094893845083e-17
-4.998185590073437872e-17
-4.689305176699076252e-17
-4.410060170094898449e-17
-4.157819623704148695e-17
-3.930222195923505994e-17
-3.724767965022242721e-17
-3.540389899812300305e-17
-3.374510637434905629e-17
