# k_h
1.000000000000000997e-04
1.063906577771761412e-04
1.131897206226019858e-04
1.204232883065342407e-04
1.281191285462268833e-04
1.363067835987165051e-04
1.450176836655863799e-04
1.542852675450417216e-04
1.641451109944457661e-04
1.746350632960667361e-04
1.857953925502730955e-04
1.976689402539218599e-04
2.103012857573205614e-04
2.237409212310721891e-04
2.380394378144510094e-04
2.532517236598863194e-04
2.694361746337892139e-04
2.866549184825490336e-04
3.049740533242117023e-04
3.244639013813443887e-04
3.451992789291003839e-04
3.672597834947385312e-04
3.907300994110849356e-04
4.157003228968670348e-04
4.422663079118220402e-04
4.705300341142181603e-04
5.005999983332874671e-04
5.325916310593167922e-04
5.666277395501977685e-04
6.028389792553991719e-04
6.413643553670329541e-04
6.823517564233318351e-04
7.259585220128967394e-04
7.723520467589861356e-04
8.217104229023684163e-04
8.742231239494447107e-04
9.300917320099911113e-04
9.895307116165588321e-04
1.052768232996027786e-03
1.120047047953627280e-03
1.191625421731706174e-03
1.267778124420410176e-03
1.348797485726020923e-03
1.434994517145925675e-03
1.526700105857961478e-03
1.624266284907129650e-03
1.728067584565595380e-03
1.838502470053494497e-03
1.955994871139541541e-03
2.080995809493185137e-03
2.213985130035268489e-03
2.355473342933388572e-03
2.506003583312871666e-03
2.666153696206165734e-03
2.836538454744231413e-03
3.017811920104935836e-03
3.210669952277667074e-03
3.415852881282353988e-03
3.634148349096916111e-03
3.866394333202592681e-03
4.113482363353697727e-03
4.376360943920124501e-03
4.656039194940050918e-03
4.953590725859856499e-03
5.270157756831489980e-03
5.606955503387888069e-03
5.965276841327951142e-03
6.346497269718356579e-03
6.752080191063877107e-03
7.183582528915263138e-03
7.642660704479245677e-03
8.131076995173224312e-03
8.650706299533433841e-03
9.203543334445224780e-03
9.791710292323724599e-03
1.041746498763865617e-02
1.108320952405577632e-02
1.179149951546556128e-02
1.254505389629634836e-02
1.334676535877093485e-02
1.419971145717266632e-02
1.510716642174702792e-02
1.607261372758933202e-02
1.709975946676699915e-02
1.819254657500833997e-02
1.935516996757048053e-02
2.059209264238866244e-02
2.190806281232276706e-02
2.330813213226708147e-02
2.479767509109229856e-02
2.638240964286003507e-02
2.806841915650790803e-02
2.986217576826364836e-02
3.177056522643216530e-02
3.380091332392796966e-02
3.596101402002010311e-02
3.825915935924188022e-02
4.070417130231544778e-02
4.330543559128192249e-02
4.607293777883618435e-02
4.901730156017285178e-02
5.214982955448986546e-02
5.548254669269792050e-02
5.902824637789014228e-02
6.280053959576947786e-02
6.681390716355502246e-02
7.108375531793792446e-02
7.562647485547251136e-02
8.045950405242784098e-02
8.560139560563158334e-02
9.107188785127419417e-02
9.689198053506269115e-02
1.030840154245865614e-01
1.096717620733432402e-01
1.166805090656493488e-01
1.241371610927019808e-01
1.320703422324382703e-01
1.405105058296585996e-01
1.494900513982110601e-01
1.590434489939952789e-01
1.692073715362190367e-01
1.800208355848537389e-01
1.915253511146944587e-01
2.037650808609693942e-01
2.167870098481799734e-01
2.306411257529500380e-01
2.453806107932475500e-01
2.610620458805882893e-01
2.777456278189109340e-01
2.954954003838866083e-01
3.143795001697168856e-01
3.344704181471603865e-01
3.558452779368350694e-01
3.785861318660190822e-01
4.027802759454247594e-01
4.285205849750621243e-01
4.559058690655716228e-01
4.850412529436125553e-01
5.160385794973656459e-01
5.490168391112426605e-01
5.841026264379113320e-01
6.214306263610551717e-01
6.611441310143524319e-01
7.033955898413639662e-01
7.483471948078743718e-01
7.961715030131424342e-01
8.470520990901111436e-01
9.011842999373470553e-01
9.587759044879825554e-01
1.020047991393833620e+00
1.085235767686771657e+00
1.154589471675142365e+00
1.228375333541205316e+00
1.306876597327068401e+00
1.390394608232244256e+00
1.479249969396677411e+00
1.573783772609800291e+00
1.674358907670022933e+00
1.781361455420876760e+00
1.895202169811347259e+00
2.016318054669604898e+00
2.145174041242952523e+00
2.282264772943606523e+00
2.428116504151476285e+00
2.583289120362927349e+00
2.748378287440343293e+00
2.924017738212872697e+00
3.110881705205980285e+00
3.309687508838472958e+00
3.521198311022282201e+00
3.746226044735418981e+00
3.985634530813896959e+00
4.240342793927168508e+00
4.511328590466199273e+00
4.799632161886792758e+00
5.106360227916253436e+00
5.432690234952207042e+00
5.779874875962074832e+00
6.149246899233788533e+00
6.542224224437428681e+00
6.960315385636733687e+00
7.405125322144908040e+00
7.878361539454193263e+00
8.381840663889366994e+00
8.917495416146717702e+00
9.487382030488012319e+00
1.009368814806979664e+01
1.073874121470833742e+01
1.142501741531690307e+01
1.215515117931256839e+01
1.293194529348081190e+01
1.375838166111879346e+01
1.463763274875864262e+01
1.557307376441165125e+01
1.656829561408238405e+01
1.762711868628925771e+01
1.875360751750665145e+01
1.995208639482525825e+01
2.122715595572508462e+01
2.258371084868291234e+01
2.402695852240921681e+01
2.556243921584042056e+01
2.719604722562342047e+01
2.893405353273218950e+01
3.078312987507401743e+01
3.275037435849363021e+01
3.484333870448897130e+01
3.707005723923518303e+01
3.943907773519805460e+01
4.195949422372898852e+01
4.464098190460145332e+01
4.749383428649561267e+01
5.052900270100463587e+01
5.375813834184587847e+01
5.719363699065410600e+01
6.084868660104717009e+01
6.473731792362646331e+01
6.887445836624786466e+01
7.327598929631835745e+01
7.795880700508635641e+01
8.294088756795056838e+01
8.824135584977062763e+01
9.388055892006957492e+01
9.988014415995132822e+01
1.062631423605638901e+02
1.130540561321008965e+02
1.202789539627199673e+02
1.279655702884445105e+02
1.361434119581906543e+02
1.448438715026095736e+02
1.541003476415542650e+02
1.639483734927645457e+02
1.744257529739334984e+02
1.855727059217600470e+02
1.974320224850650050e+02
2.100492273846427338e+02
2.234727546703975918e+02
2.377541336466108532e+02
2.529481866790555102e+02
2.691132396432863061e+02
2.863113458219603444e+02
3.046085241106694639e+02
3.240750124466890725e+02
3.447855374334976091e+02
3.668196011960695841e+02
3.902617865681123135e+02
4.152020817827735186e+02
4.417362259132211193e+02
4.699660763891482702e+02
4.999999999999999432e+02
