# d_a
# unit = Mpc
0.000000000000000000e+00
4.382797041345491351e+01
8.659685668556457472e+01
1.283363566290398126e+02
1.690750857968931484e+02
2.088406288251036642e+02
2.476595878055982780e+02
2.855576278860866637e+02
3.225595202787929452e+02
3.586891828468331482e+02
3.939697184247594350e+02
4.284234510185523845e+02
4.620719600199962542e+02
4.949361125608377847e+02
5.270360941233413996e+02
5.583914375157496579e+02
5.890210503136612488e+02
6.189432408614311498e+02
6.481757429212948409e+02
6.767357390519987348e+02
7.046398827932403037e+02
7.319043197271390682e+02
7.585447074832574117e+02
7.845762347493073321e+02
8.100136393456452879e+02
8.348712254178648209e+02
8.591628797983180448e+02
8.829020875841262068e+02
9.061019469762168228e+02
9.287751834211047708e+02
9.509341630945099269e+02
9.725909057634441979e+02
9.937570970611510575e+02
1.014444100207107340e+03
1.034662967202357095e+03
1.054424449528564537e+03
1.073739008377456912e+03
1.092616824435701801e+03
1.111067807248771942e+03
1.129101604185905671e+03
1.146727609026994514e+03
1.163954970190950007e+03
1.180792598623974300e+03
1.197249175365076098e+03
1.213333158805136691e+03
1.229052791654913563e+03
1.244416107636456445e+03
1.259430937911589126e+03
1.274104917260321372e+03
1.288445490021332489e+03
1.302459915805970923e+03
1.316155274996577646e+03
1.329538474039334915e+03
1.342616250541259660e+03
1.355395178180463290e+03
1.367881671438255808e+03
1.380081990161229442e+03
1.392002243961014528e+03
1.403648396458968591e+03
1.415026269382690543e+03
1.426141546520860174e+03
1.436999777542592255e+03
1.447606381687125804e+03
1.457966651329413253e+03
1.468085755426835249e+03
1.477968742852047853e+03
1.487620545616664003e+03
1.497045981990280779e+03
1.506249759519083227e+03
1.515236477948106085e+03
1.524010632050968752e+03
1.532576614370759216e+03
1.540938717875539169e+03
1.549101138531782453e+03
1.557067977798890297e+03
1.564843245047799655e+03
1.572430859906523210e+03
1.579834654535364507e+03
1.587058375834398703e+03
1.594105687585690703e+03
1.600980172532636288e+03
1.607685334398661553e+03
1.614224599847459103e+03
1.620601320386810812e+03
1.626818774217969803e+03
1.632880168032492520e+03
1.638788638758323259e+03
1.644547255256848302e+03
1.650159019972597207e+03
1.655626870537144214e+03
1.660953681328755920e+03
1.666142264989227215e+03
1.671195373899305423e+03
1.676115701614040972e+03
1.680905884259361073e+03
1.685568501891083770e+03
1.690106079817584714e+03
1.694521089887227845e+03
1.698815951741691151e+03
1.702993034036209792e+03
1.707054655627779312e+03
1.711003086732278462e+03
1.714840550051461605e+03
1.718569221870726778e+03
1.722191233128529575e+03
1.725708670458287770e+03
1.729123577203588184e+03
1.732437954407481129e+03
1.735653761776614829e+03
1.738772918620937844e+03
1.741797304769681205e+03
1.744728761464292575e+03
1.747569092228984118e+03
1.750320063719526843e+03
1.752983406550903737e+03
1.755560816104419928e+03
1.758053953314839873e+03
1.760464445438104576e+03
1.762793886800170185e+03
1.765043839527487307e+03
1.767215834259621715e+03
1.769311370844504154e+03
1.771331919016783331e+03
1.773278919059735699e+03
1.775153782451178131e+03
1.776957892493814370e+03
1.778692604930418838e+03
1.780359248544281627e+03
1.781959125745290294e+03
1.783493513142029542e+03
1.784963662100273723e+03
1.786370799288222997e+03
1.787716127208832631e+03
1.789000824719571256e+03
1.790226047539930732e+03
1.791392928747010728e+03
1.792502579259485628e+03
1.793556088310242558e+03
1.794554523907993143e+03
1.795498933288137096e+03
1.796390343353144090e+03
1.797229761102735438e+03
1.798018174054106566e+03
1.798756550652457463e+03
1.799445840672062559e+03
1.800086975608131297e+03
1.800680869059674023e+03
1.801228417103614220e+03
1.801730498660352623e+03
1.802187975851006740e+03
1.802601694346520617e+03
1.802972483708856998e+03
1.803301157724460381e+03
1.803588514730186262e+03
1.803835337931876438e+03
1.804042395715762495e+03
1.804210441952879364e+03
1.804340216296648805e+03
1.804432444473807436e+03
1.804487838568834604e+03
1.804507097302046986e+03
1.804490906301501582e+03
1.804439938368867843e+03
1.804354853739401960e+03
1.804236300336177919e+03
1.804084914018708105e+03
1.803901318826079205e+03
1.803686127214751195e+03
1.803439940291129915e+03
1.803163348039052835e+03
1.802856929542295120e+03
1.802521253202226944e+03
1.802156876950719379e+03
1.801764348458434824e+03
1.801344205338588836e+03
1.800896975346304544e+03
1.800423176573651745e+03
1.799923317640481400e+03
1.799397897881150811e+03
1.798847407527232235e+03
1.798272327886302492e+03
1.797673131516900867e+03
1.797050282399750586e+03
1.796404236105323889e+03
1.795735439957837571e+03
1.795044333195761283e+03
1.794331347128925472e+03
1.793596905292291240e+03
1.792841423596477853e+03
1.792065310475105207e+03
1.791268967029040141e+03
1.790452787167602764e+03
1.789617157746811699e+03
1.788762458704731671e+03
1.787889063193989614e+03
1.786997337711525461e+03
1.786087642225639911e+03
1.785160330300392843e+03
1.784215749217427856e+03
1.783254240095263867e+03
1.782276138006122892e+03
1.781281772090340837e+03
1.780271465668426117e+03
1.779245536350803150e+03
1.778204296145309172e+03
1.777148051562483033e+03
1.776077103718698481e+03
1.774991748437188789e+03
1.773892276347017059e+03
1.772778972980022672e+03
1.771652118865803686e+03
1.770511989624768603e+03
1.769358856059306390e+03
1.768192984243108413e+03
1.767014635608695698e+03
1.765824067033171559e+03
1.764621530922263901e+03
1.763407275292664508e+03
1.762181543852733739e+03
1.760944576081575178e+03
1.759696607306546639e+03
1.758437868779215023e+03
1.757168587749803237e+03
1.755888987540157359e+03
1.754599287615269077e+03
1.753299703653381130e+03
1.751990447614705317e+03
1.750671727808786045e+03
1.749343748960541461e+03
1.748006712274996516e+03
1.746660815500758417e+03
1.745306252992235613e+03
1.743943215770649886e+03
1.742571891583853130e+03
1.741192464964977262e+03
1.739805117289944519e+03
1.738410026833861593e+03
1.737007368826319635e+03
1.735597315505621282e+03
1.734180036171964048e+03
1.732755697239596657e+03
1.731324462287966526e+03
1.729886492111892267e+03
1.728441944770764167e+03
1.726990975636809253e+03
1.725533737442429128e+03
1.724070380326636268e+03
1.722601051880602199e+03
1.721125897192342109e+03
1.719645058890548853e+03
1.718158677187595458e+03
1.716666889921724533e+03
1.715169832598438006e+03
1.713667638431108799e+03
1.712160438380825553e+03
1.710648361195486359e+03
1.709131533448162600e+03
1.707610079574741349e+03
1.706084121910861086e+03
1.704553780728161428e+03
1.703019174269854602e+03
1.701480418785632992e+03
1.699937628565932073e+03
1.698390915975552389e+03
1.696840391486663520e+03
1.695286163711190511e+03
1.693728339432611847e+03
1.692167023637161492e+03
1.690602319544461807e+03
1.689034328637593262e+03
1.687463150692609133e+03
1.685888883807516777e+03
1.684311624430717529e+03
1.682731467388936608e+03
1.681148505914641873e+03
1.679562831672959646e+03
1.677974534788106439e+03
1.676383703869337069e+03
1.674790426036424606e+03
1.673194786944680345e+03
1.671596870809520169e+03
1.669996760430586846e+03
1.668394537215443506e+03
1.666790281202835104e+03
1.665184071085534470e+03
1.663575984232782503e+03
1.661966096712321587e+03
1.660354483312038610e+03
1.658741217561221674e+03
1.657126371751437318e+03
1.655510016957038715e+03
1.653892223055305976e+03
1.652273058746234938e+03
1.650652591571971016e+03
1.649030887935900182e+03
1.647408013121409567e+03
1.645784031310306091e+03
1.644159005600921091e+03
1.642532998025894130e+03
1.640906069569643250e+03
1.639278280185529184e+03
1.637649688812724207e+03
1.636020353392778588e+03
1.634390330885907133e+03
1.632759677286985834e+03
1.631128447641274306e+03
1.629496696059860824e+03
1.627864475734847019e+03
1.626231838954262457e+03
1.624598837116725690e+03
1.622965520745852018e+03
1.621331939504412958e+03
1.619698142208251056e+03
1.618064176839956190e+03
1.616430090562309488e+03
1.614795929731493743e+03
1.613161739910080087e+03
1.611527565879792064e+03
1.609893451654052342e+03
1.608259440490315683e+03
1.606625574902193193e+03
1.604991896671369659e+03
1.603358446859317837e+03
1.601725265818818343e+03
1.600092393205279222e+03
1.598459867987869075e+03
1.596827728460461230e+03
1.595196012252392165e+03
1.593564756339040287e+03
1.591933997052228506e+03
1.590303770090448324e+03
1.588674110528919755e+03
1.587045052829472979e+03
1.585416630850275169e+03
1.583788877855389273e+03
1.582161826524175240e+03
1.580535508960534344e+03
1.578909956702000954e+03
1.577285200728683549e+03
1.575661271472056342e+03
1.574038198823607217e+03
1.572416012143340367e+03
1.570794740268142959e+03
1.569174411520008562e+03
1.567555053714129599e+03
1.565936694166855432e+03
1.564319359703519922e+03
1.562703076666139168e+03
1.561087870920986461e+03
1.559473767866041271e+03
1.557860792438314320e+03
1.556248969121060554e+03
1.554638321950868203e+03
1.553028874524632101e+03
1.551420650006420146e+03
1.549813671134221295e+03
1.548207960226589876e+03
1.546603539189177354e+03
1.545000429521162232e+03
1.543398652321576947e+03
1.541798228295526997e+03
1.540199177760316616e+03
1.538601520651473265e+03
1.537005276528674358e+03
1.535410464581579618e+03
1.533817103635571812e+03
1.532225212157402666e+03
1.530634808260749651e+03
1.529045909711686818e+03
1.527458533934063325e+03
1.525872698014800108e+03
1.524288418709101961e+03
1.522705712445585050e+03
1.521124595331324372e+03
1.519545083156820965e+03
1.517967191400890215e+03
1.516390935235473080e+03
1.514816329530372741e+03
1.513243388857913033e+03
1.511672127497526617e+03
1.510102559440269943e+03
1.508534698393266808e+03
1.506968557784084169e+03
1.505404150765034274e+03
1.503841490217415867e+03
1.502280588755684221e+03
1.500721458731558869e+03
1.499164112238063353e+03
1.497608561113509722e+03
1.496054816945409129e+03
1.494502891074333320e+03
1.492952794597709953e+03
1.491404538373556534e+03
1.489858133024164999e+03
1.488313588939720148e+03
1.486770916281867585e+03
1.485230124987224826e+03
1.483691224770836016e+03
1.482154225129580709e+03
1.480619135345518544e+03
1.479085964489191610e+03
