# d_c
# unit = Mpc
0.000000000000000000e+00
4.426625011758946471e+01
8.832879381927587303e+01
1.321864473279109973e+02
1.758380892287688937e+02
2.192826602663588460e+02
2.625191630739341804e+02
3.055466618381127546e+02
3.483642819010964331e+02
3.909712093030481697e+02
4.333666902672354126e+02
4.755500306305931986e+02
5.175205952223958548e+02
5.592778071937466393e+02
6.008211473006092547e+02
6.421501531431121066e+02
6.832644183638469713e+02
7.241635918078743543e+02
7.648473766471279305e+02
8.053155294718784489e+02
8.455678593518883872e+02
8.856042268698382713e+02
9.254245431295740900e+02
9.650287687416480367e+02
1.004416912788600143e+03
1.043589031772331055e+03
1.082545228545880718e+03
1.121285651231840347e+03
1.159810492129557588e+03
1.198119986613225137e+03
1.236214412022862916e+03
1.274094086550112024e+03
1.311759368120719500e+03
1.349210653275452842e+03
1.386448376051158448e+03
1.423473006863562205e+03
1.460285051393341291e+03
1.496885049476911718e+03
1.533273574003305157e+03
1.569451229818409047e+03
1.605418652637792320e+03
1.641176507969239537e+03
1.676725490046043433e+03
1.712066320772058816e+03
1.747199748679396862e+03
1.782126547899624484e+03
1.816847517149226405e+03
1.851363478730035922e+03
1.885675277545275776e+03
1.919783780131785306e+03
1.953689873708956384e+03
1.987394465244832418e+03
2.020898480539789034e+03
2.054202863328127478e+03
2.087308574397913617e+03
2.120216590729296513e+03
2.152927904651518020e+03
2.185443523018792803e+03
2.217764466405170424e+03
2.249891768318477716e+03
2.281826474433376461e+03
2.313569641843573208e+03
2.345122338333143944e+03
2.376485641666943593e+03
2.407660638900009872e+03
2.438648425705878708e+03
2.469450105723662546e+03
2.500066789923768738e+03
2.530499595992060222e+03
2.560749647732299309e+03
2.590818074486647220e+03
2.620706010573998356e+03
2.650414594745927388e+03
2.679944969659983599e+03
2.709298281370069162e+03
2.738475678833649454e+03
2.767478313435480686e+03
2.796307338527595221e+03
2.824963908985229864e+03
2.853449180778386562e+03
2.881764310558745365e+03
2.909910455261577681e+03
2.937888771722375623e+03
2.965700416307864089e+03
2.993346544561064093e+03
3.020828310860111287e+03
3.048146868090480893e+03
3.075303367330306628e+03
3.102298957548482576e+03
3.129134785315202862e+03
3.155811994524636248e+03
3.182331726129424169e+03
3.208695117886666139e+03
3.234903304115099218e+03
3.260957415463160487e+03
3.286858578687613772e+03
3.312607916442465921e+03
3.338206547077838877e+03
3.363655584448548325e+03
3.388956137732057414e+03
3.414109311255558623e+03
3.439116204331879544e+03
3.463977911103952465e+03
3.488695520397575820e+03
3.513270115582200560e+03
3.537702774439489531e+03
3.561994569039391536e+03
3.586146565623486367e+03
3.610159824495358862e+03
3.634035399917760060e+03
3.657774340016330825e+03
3.681377686689657821e+03
3.704846475525446749e+03
3.728181735722591839e+03
3.751384490018934230e+03
3.774455754624503243e+03
3.797396539160054544e+03
3.820207846600686935e+03
3.842890673224370403e+03
3.865446008565197189e+03
3.887874835371168047e+03
3.910178129566354073e+03
3.932356860217258600e+03
3.954411989503210407e+03
3.976344472690639577e+03
3.998155258111082276e+03
4.019845287142746201e+03
4.041415494195519386e+03
4.062866806699262270e+03
4.084200145095247535e+03
4.105416422830629017e+03
4.126516546355795072e+03
4.147501415124492269e+03
4.168371921596601169e+03
4.189128951243437768e+03
4.209773382555475109e+03
4.230306087052386829e+03
4.250727929295275317e+03
4.271039766901023540e+03
4.291242450558647761e+03
4.311336824047546543e+03
4.331323724257592403e+03
4.351203981210937854e+03
4.370978418085471276e+03
4.390647851239832562e+03
4.410213090239922167e+03
4.429674937886798034e+03
4.449034190245926766e+03
4.468291636677674433e+03
4.487448059869007011e+03
4.506504235866301315e+03
4.525460934109230948e+03
4.544318917465639970e+03
4.563078942267371531e+03
4.581741758346965980e+03
4.600308109075193897e+03
4.618778731399371281e+03
4.637154355882387790e+03
4.655435706742423463e+03
4.673623501893281173e+03
4.691718452985322074e+03
4.709721265446919460e+03
4.727632638526433766e+03
4.745453265334626849e+03
4.763183832887510107e+03
4.780825022149577308e+03
4.798377508077371203e+03
4.815841959663385751e+03
4.833219039980227535e+03
4.850509406225051862e+03
4.867713709764197120e+03
4.884832596178034692e+03
4.901866705305956202e+03
4.918816671291527200e+03
4.935683122627733610e+03
4.952466682202337324e+03
4.969167967343278178e+03
4.985787589864133224e+03
5.002326156109599651e+03
5.018784267000977707e+03
5.035162518081646340e+03
5.051461499562491554e+03
5.067681796367297466e+03
5.083823988178066429e+03
5.099888649480258209e+03
5.115876349607920019e+03
5.131787652788727428e+03
5.147623118188876106e+03
5.163383299957856252e+03
5.179068747273054214e+03
5.194680004384216772e+03
5.210217610657724435e+03
5.225682100620690107e+03
5.241074004004863127e+03
5.256393845790329578e+03
5.271642146249000689e+03
5.286819420987893864e+03
5.301926180992166337e+03
5.316962932667935092e+03
5.331930177884839395e+03
5.346828414018368676e+03
5.361658133991926661e+03
5.376419826318647210e+03
5.391113975142933668e+03
5.405741060281739919e+03
5.420301557265573138e+03
5.434795937379217321e+03
5.449224667702169427e+03
5.463588211148812661e+03
5.477887026508269628e+03
5.492121568483991723e+03
5.506292287733030207e+03
5.520399630905036247e+03
5.534444040680928993e+03
5.548425955811304448e+03
5.562345811154490548e+03
5.576204037714353944e+03
5.590001062677746631e+03
5.603737309451693363e+03
5.617413197700224373e+03
5.631029143380949790e+03
5.644585558781280270e+03
5.658082852554366582e+03
5.671521429754708151e+03
5.684901691873472373e+03
5.698224036873488330e+03
5.711488859223939471e+03
5.724696549934730683e+03
5.737847496590576156e+03
5.750942083384738908e+03
5.763980691152502914e+03
5.776963697404299637e+03
5.789891476358557156e+03
5.802764398974230971e+03
5.815582832983023764e+03
5.828347142921314116e+03
5.841057690161775099e+03
5.853714832944697264e+03
5.866318926408999687e+03
5.878870322622958156e+03
5.891369370614628679e+03
5.903816416401966308e+03
5.916211803022671120e+03
5.928555870563721328e+03
5.940848956190623539e+03
5.953091394176381073e+03
5.965283515930161229e+03
5.977425650025689720e+03
5.989518122229350411e+03
6.001561255528015863e+03
6.013555370156584104e+03
6.025500783625253462e+03
6.037397810746501818e+03
6.049246763661814839e+03
6.061047951868122254e+03
6.072801682243976757e+03
6.084508259075459137e+03
6.096167984081826035e+03
6.107781156440883024e+03
6.119348072814099396e+03
6.130869027371476477e+03
6.142344311816134905e+03
6.153774215408674536e+03
6.165159024991255137e+03
6.176499025011455160e+03
6.187794497545844933e+03
6.199045722323359769e+03
6.210252976748382935e+03
6.221416535923619449e+03
6.232536672672718851e+03
6.243613657562654225e+03
6.254647758925887501e+03
6.265639242882269173e+03
6.276588373360733385e+03
6.287495412120761102e+03
6.298360618773598617e+03
6.309184250803280520e+03
6.319966563587400742e+03
6.330707810417685323e+03
6.341408242520338717e+03
6.352068109076177279e+03
6.362687657240536282e+03
6.373267132162994130e+03
6.383806777006858283e+03
6.394306832968451999e+03
6.404767539296212817e+03
6.415189133309560930e+03
6.425571850417589303e+03
6.435915924137540060e+03
6.446221586113091689e+03
6.456489066132450716e+03
6.466718592146246920e+03
6.476910390285241192e+03
6.487064684877846048e+03
6.497181698467446950e+03
6.507261651829568109e+03
6.517304763988811828e+03
6.527311252235656866e+03
6.537281332143058535e+03
6.547215217582876903e+03
6.557113120742116735e+03
6.566975252139023723e+03
6.576801820638968820e+03
6.586593033470206137e+03
6.596349096239422579e+03
6.606070212947161963e+03
6.615756586003035409e+03
6.625408416240828046e+03
6.635025902933391080e+03
6.644609243807407438e+03
6.654158635057992797e+03
6.663674271363136540e+03
6.673156345897994470e+03
6.682605050349018711e+03
6.692020574927962116e+03
6.701403108385699852e+03
6.710752838025933670e+03
6.720069949718732460e+03
6.729354627913938202e+03
6.738607055654421856e+03
6.747827414589211912e+03
6.757015884986466517e+03
6.766172645746321905e+03
6.775297874413602585e+03
6.784391747190384194e+03
6.793454438948443567e+03
6.802486123241564201e+03
6.811486972317713480e+03
6.820457157131092572e+03
6.829396847354059901e+03
6.838306211388929114e+03
6.847185416379645176e+03
6.856034628223324034e+03
6.864854011581691339e+03
6.873643729892389274e+03
6.882403945380161531e+03
6.891134819067929129e+03
6.899836510787744373e+03
6.908509179191633848e+03
6.917152981762328636e+03
6.925768074823872666e+03
6.934354613552131013e+03
6.942912751985191790e+03
6.951442643033637069e+03
6.959944438490734683e+03
6.968418289042507240e+03
6.976864344277698365e+03
6.985282752697643446e+03
6.993673661726020327e+03
7.002037217718525426e+03
7.010373565972414326e+03
7.018682850735983266e+03
7.026965215217923287e+03
7.035220801596583442e+03
7.043449751029147592e+03
7.051652203660707528e+03
7.059828298633250597e+03
7.067978174094540918e+03
7.076101967206923291e+03
7.084199814156037974e+03
7.092271850159423593e+03
7.100318209475059120e+03
7.108339025409806709e+03
7.116334430327761766e+03
7.124304555658530262e+03
7.132249531905409640e+03
7.140169488653496956e+03
7.148064554577700619e+03
7.155934857450693926e+03
7.163780524150755809e+03
7.171601680669560665e+03
7.179398452119869944e+03
7.187170962743162818e+03
7.194919335917164972e+03
7.202643694163331929e+03
7.210344159154228691e+03
7.218020851720851169e+03
7.225673891859877585e+03
7.233303398740824377e+03
7.240909490713152081e+03
7.248492285313296634e+03
7.256051899271614275e+03
7.263588448519286430e+03
7.271102048195115458e+03
7.278592812652293105e+03
7.286060855465068016e+03
7.293506289435375038e+03
7.300929226599369031e+03
7.308329778233926845e+03
7.315708054863051075e+03
7.323064166264233791e+03
7.330398221474755701e+03
7.337710328797898001e+03
7.345000595809133301e+03
7.352269129362216518e+03
7.359516035595244830e+03
7.366741419936634884e+03
7.373945387111056334e+03
7.381128041145312636e+03
7.388289485374138167e+03
7.395429822445958052e+03
