# d_l
# unit = Mpc
0.000000000000000000e+00
4.470891261876536049e+01
9.009536969566138964e+01
1.361520407477483445e+02
1.828716127979196528e+02
2.302467932796768082e+02
2.782703128583702323e+02
3.269349281667806508e+02
3.762334244531841705e+02
4.261586181403225169e+02
4.767033592939590108e+02
5.278605339999585340e+02
5.796230666490833983e+02
6.319839221289336137e+02
6.849361079226946458e+02
7.384726761145789169e+02
7.925867253020624048e+02
8.472714024152129468e+02
9.025199044436109261e+02
9.583254800715353667e+02
1.014681431222266042e+03
1.071581114512504200e+03
1.129017942618080269e+03
1.186985385552227172e+03
1.245476971857864100e+03
1.304486289715413932e+03
1.364006987967809664e+03
1.424032777064437369e+03
1.484557429925833731e+03
1.545574782731060395e+03
1.607078735629721905e+03
1.669063253380646756e+03
1.731522365919349795e+03
1.794450168856352320e+03
1.857840823908552466e+03
1.921688559265809090e+03
1.985987669894944020e+03
2.050732517783369076e+03
2.115917532124561149e+03
2.181537209447588793e+03
2.247586113692909294e+03
2.314058876236627839e+03
2.380950195865381374e+03
2.448254838704043777e+03
2.515967638098331463e+03
2.584083494454455376e+03
2.652597375037870279e+03
2.721504313733152685e+03
2.790799410767008339e+03
2.860477832396360100e+03
2.930534810563434803e+03
3.000965642519696758e+03
3.071765690420479586e+03
3.142930380892034918e+03
3.214455204572786897e+03
3.286335715630409595e+03
3.358567531256368056e+03
3.431146331139505037e+03
3.504067856920169561e+03
3.577327911626379318e+03
3.650922359093402520e+03
3.724847123368152552e+03
3.799098188099693289e+03
3.873671595917117884e+03
3.948563447796016590e+03
4.023769902414699573e+03
4.099287175501280217e+03
4.175111539172693483e+03
4.251239321266661136e+03
4.327666904667586095e+03
4.404390726627300864e+03
4.481407278081536788e+03
4.558713102962995436e+03
4.636304797511771540e+03
4.714179009583920561e+03
4.792332437958886658e+03
4.870761831646445899e+03
4.949463989193843190e+03
5.028435757993709558e+03
5.107674033593311833e+03
5.187175759005741384e+03
5.266937924023455707e+03
5.346957564534724042e+03
5.427231761843391723e+03
5.507757641992357094e+03
5.588532375091205722e+03
5.669553174648293862e+03
5.750817296907674063e+03
5.832322040191146698e+03
5.914064744245733891e+03
5.996042789596808689e+03
6.078253596907200517e+03
6.160694626342398806e+03
6.243363376942142168e+03
6.326257385998531390e+03
6.409374228440847219e+03
6.492711516227233005e+03
6.576266897743342270e+03
6.660038057208125792e+03
6.744022714086794622e+03
6.828218622511117246e+03
6.912623570707077306e+03
6.997235380429983707e+03
7.082051906407079514e+03
7.167071035787689652e+03
7.252290687600952879e+03
7.337708812221147127e+03
7.423323390840618231e+03
7.509132434950346578e+03
7.595133985828118057e+03
7.681326114034294733e+03
7.767706918915178903e+03
7.854274528113947781e+03
7.941027097089120616e+03
8.027962808640520052e+03
8.115079872442683154e+03
8.202376524585717561e+03
8.289851027123489985e+03
8.377501667629127041e+03
8.465326758757781136e+03
8.553324637816569521e+03
8.641493666341642893e+03
8.729832229682313482e+03
8.818338736592158966e+03
8.907011618827033089e+03
8.995849330749935689e+03
9.084850348942605706e+03
9.174013171823829907e+03
9.263336319274318157e+03
9.352818332268116137e+03
9.442457772510446375e+03
9.532253222081886634e+03
9.622203283088823810e+03
9.712306577320081487e+03
9.802561745909642923e+03
9.892967449005367598e+03
9.983522365443634044e+03
1.007422519242980343e+04
1.016507464522443479e+04
1.025606945683516824e+04
1.034720837771411243e+04
1.043849017546079813e+04
1.052991363453046870e+04
1.062147755594769478e+04
1.071318075702519127e+04
1.080502207108780931e+04
1.089700034720152325e+04
1.098911444990743803e+04
1.108136325896063317e+04
1.117374566907382905e+04
1.126626058966575329e+04
1.135890694461416933e+04
1.145168367201341243e+04
1.154458972393645126e+04
1.163762406620129332e+04
1.173078567814174312e+04
1.182407355238239143e+04
1.191748669461773716e+04
1.201102412339545299e+04
1.210468486990359816e+04
1.219846797776183848e+04
1.229237250281646084e+04
1.238639751293925656e+04
1.248054208783006834e+04
1.257480531882302785e+04
1.266918630869638218e+04
1.276368417148580738e+04
1.285829803230123980e+04
1.295302702714700899e+04
1.304787030274538847e+04
1.314282701636333331e+04
1.323789633564247379e+04
1.333307743843219941e+04
1.342836951262586990e+04
1.352377175599999100e+04
1.361928337605642810e+04
1.371490358986744650e+04
1.381063162392364939e+04
1.390646671398468789e+04
1.400240810493272875e+04
1.409845505062860866e+04
1.419460681377060064e+04
1.429086266575577974e+04
1.438722188654392812e+04
1.448368376452393204e+04
1.458024759638257274e+04
1.467691268697576197e+04
1.477367834920207497e+04
1.487054390387862622e+04
1.496750867961912809e+04
1.506457201271423037e+04
1.516173324701397905e+04
1.525899173381241417e+04
1.535634683173424673e+04
1.545379790662356936e+04
1.555134433143455317e+04
1.564898548612416562e+04
1.574672075754673278e+04
1.584454953935044614e+04
1.594247123187567013e+04
1.604048524205510694e+04
1.613859098331570021e+04
1.623678787548231412e+04
1.633507534468308950e+04
1.643345282325648805e+04
1.653191974965999543e+04
1.663047556838040691e+04
1.672911972984566091e+04
1.682785169033834245e+04
1.692667091191055079e+04
1.702557686230037507e+04
1.712456901484972332e+04
1.722364684842371207e+04
1.732280984733130754e+04
1.742205750124749829e+04
1.752138930513664309e+04
1.762080475917735748e+04
1.772030336868845552e+04
1.781988464405638661e+04
1.791954810066371647e+04
1.801929325881904151e+04
1.811911964368791087e+04
1.821902678522506176e+04
1.831901421810770626e+04
1.841908148167005129e+04
1.851922811983883730e+04
1.861945368107004469e+04
1.871975771828656798e+04
1.882013978881709045e+04
1.892059945433579196e+04
1.902113628080326089e+04
1.912174983840823188e+04
1.922243970151040776e+04
1.932320544858419089e+04
1.942404666216329861e+04
1.952496292878640452e+04
1.962595383894356200e+04
1.972701898702363178e+04
1.982815797126241887e+04
1.992937039369182821e+04
2.003065586008973696e+04
2.013201397993070714e+04
2.023344436633753503e+04
2.033494663603356457e+04
2.043652040929574287e+04
2.053816530990851606e+04
2.063988096511835829e+04
2.074166700558914454e+04
2.084352306535813841e+04
2.094544878179277657e+04
2.104744379554804618e+04
2.114950775052464087e+04
2.125164029382768786e+04
2.135384107572620633e+04
2.145610974961315151e+04
2.155844597196612085e+04
2.166084940230863504e+04
2.176331970317211744e+04
2.186585654005836113e+04
2.196845958140261428e+04
2.207112849853731677e+04
2.217386296565624798e+04
2.227666265977940202e+04
2.237952726071825600e+04
2.248245645104169671e+04
2.258544991604233292e+04
2.268850734370349892e+04
2.279162842466656366e+04
2.289481285219892015e+04
2.299806032216233143e+04
2.310137053298182218e+04
2.320474318561504333e+04
2.330817798352204409e+04
2.341167463263553509e+04
2.351523284133164634e+04
2.361885232040099436e+04
2.372253278302033505e+04
2.382627394472450032e+04
2.393007552337885136e+04
2.403393723915208466e+04
2.413785881448947475e+04
2.424183997408644427e+04
2.434588044486263607e+04
2.444997995593626911e+04
2.455413823859885451e+04
2.465835502629042094e+04
2.476263005457490362e+04
2.486696306111607191e+04
2.497135378565365318e+04
2.507580196997992607e+04
2.518030735791655752e+04
2.528486969529182534e+04
2.538948872991814642e+04
2.549416421156993601e+04
2.559889589196173984e+04
2.570368352472679544e+04
2.580852686539569549e+04
2.591342567137556034e+04
2.601837970192937428e+04
2.612338871815568200e+04
2.622845248296846694e+04
2.633357076107748435e+04
2.643874331896865260e+04
2.654396992488493197e+04
2.664925034880726889e+04
2.675458436243600954e+04
2.685997173917232794e+04
2.696541225410017068e+04
2.707090568396823437e+04
2.717645180717229596e+04
2.728205040373776865e+04
2.738770125530248697e+04
2.749340414509973925e+04
2.759915885794144560e+04
2.770496518020176518e+04
2.781082289980065616e+04
2.791673180618788683e+04
2.802269169032711216e+04
2.812870234468025956e+04
2.823476356319202387e+04
2.834087514127468967e+04
2.844703687579302277e+04
2.855324856504948184e+04
2.865951000876954276e+04
2.876582100808723044e+04
2.887218136553088698e+04
2.897859088500906364e+04
2.908504937179663466e+04
2.919155663252107843e+04
2.929811247514891875e+04
2.940471670897239892e+04
2.951136914459627587e+04
2.961806959392476347e+04
2.972481787014872316e+04
2.983161378773296747e+04
2.993845716240370166e+04
3.004534781113616555e+04
3.015228555214244261e+04
3.025927020485935645e+04
3.036630158993662553e+04
3.047337952922504337e+04
3.058050384576489887e+04
3.068767436377454578e+04
3.079489090863900856e+04
3.090215330689885741e+04
3.100946138623915976e+04
3.111681497547853360e+04
3.122421390455846995e+04
3.133165800453257543e+04
3.143914710755618216e+04
3.154668104687586310e+04
3.165425965681928210e+04
3.176188277278501118e+04
3.186955023123252613e+04
3.197726186967232934e+04
3.208501752665622553e+04
3.219281704176762651e+04
3.230066025561205242e+04
3.240854700980770940e+04
3.251647714697621268e+04
3.262445051073334616e+04
3.273246694568001840e+04
3.284052629739330587e+04
3.294862841241753631e+04
3.305677313825558667e+04
3.316496032336015924e+04
3.327318981712529785e+04
3.338146146987786051e+04
3.348977513286924659e+04
3.359813065826704405e+04
3.370652789914693858e+04
3.381496670948458632e+04
3.392344694414773403e+04
3.403196845888819371e+04
3.414053111033419555e+04
3.424913475598258810e+04
3.435777925419124949e+04
3.446646446417161496e+04
3.457519024598113901e+04
3.468395646051599761e+04
3.479276296950382675e+04
3.490160963549646840e+04
3.501049632186296367e+04
3.511942289278240787e+04
3.522838921323709656e+04
3.533739514900557697e+04
3.544644056665591779e+04
3.555552533353892795e+04
3.566464931778156460e+04
3.577381238828032656e+04
3.588301441469474958e+04
3.599225526744105446e+04
3.610153481768565689e+04
3.621085293733902654e+04
3.632020949904934241e+04
3.642960437619646109e+04
3.653903744288571033e+04
3.664850857394195191e+04
3.675801764490365895e+04
3.686756453201694967e+04
3.697714911222978844e+04
