# d_v
# unit = Mpc
0.000000000000000000e+00
4.423234057928684138e+01
8.819251285468801882e+01
1.318784103703160611e+02
1.752880444596485745e+02
2.184195440129603014e+02
2.612711550813270946e+02
3.038412403231470194e+02
3.461282782993529281e+02
3.881308626236934742e+02
4.298477009746272302e+02
4.712776139755071085e+02
5.124195339498426165e+02
5.532725035584985562e+02
5.938356743257384096e+02
6.341083050610394594e+02
6.740897601836010153e+02
7.137795079564326670e+02
7.531771186368639519e+02
7.922822625502299161e+02
8.310947080934014366e+02
8.696143196747060529e+02
9.078410555966662514e+02
9.457749658878145738e+02
9.834161900897149735e+02
1.020764955005110892e+03
1.057821572412972500e+03
1.094586436755992736e+03
1.131060022805903145e+03
1.167242883311756032e+03
1.203135646636122146e+03
1.238739014383914082e+03
1.274053759028361355e+03
1.309080721538392254e+03
1.343820809011502888e+03
1.378274992315940608e+03
1.412444303745816342e+03
1.446329834692543955e+03
1.479932733335784178e+03
1.513254202356852829e+03
1.546295496677356368e+03
1.579057921225596829e+03
1.611542828733089436e+03
1.643751617563365016e+03
1.675685729574994866e+03
1.707346648020639350e+03
1.738735895483712738e+03
1.769855031854099252e+03
1.800705652344189275e+03
1.831289385546345329e+03
1.861607891532762324e+03
1.891662859998538124e+03
1.921456008448638613e+03
1.950989080429300657e+03
1.980263843804318640e+03
2.009282089076518105e+03
2.038045627754619545e+03
2.066556290765604444e+03
2.094815926912584928e+03
2.122826401378096762e+03
2.150589594272643808e+03
2.178107399228258600e+03
2.205381722036760948e+03
2.232414479332326664e+03
2.259207597317930777e+03
2.285763010535169087e+03
2.312082660676893738e+03
2.338168495442092080e+03
2.364022467432342182e+03
2.389646533089204240e+03
2.415042651671812564e+03
2.440212784273940088e+03
2.465158892879791438e+03
2.489882939457710108e+03
2.514386885091015756e+03
2.538672689145161257e+03
2.562742308470349144e+03
2.586597696638797970e+03
2.610240803215792312e+03
2.633673573063659205e+03
2.656897945677830648e+03
2.679915854554116777e+03
2.702729226586344339e+03
2.725339981493503728e+03
2.747750031275547371e+03
2.769961279697006375e+03
2.791975621797583244e+03
2.813794943428886654e+03
2.835421120816505663e+03
2.856856020146591618e+03
2.878101497176170142e+03
2.899159396866387397e+03
2.920031553037926187e+03
2.940719788047818838e+03
2.961225912486933794e+03
2.981551724897383792e+03
3.001699011509157117e+03
3.021669545995258432e+03
3.041465089244690262e+03
3.061087389152585729e+03
3.080538180426862709e+03
3.099819184410742309e+03
3.118932108920525025e+03
3.137878648098011126e+03
3.156660482276980019e+03
3.175279277863157404e+03
3.193736687227108177e+03
3.212034348609522567e+03
3.230173886038362070e+03
3.248156909257357256e+03
3.265985013665371753e+03
3.283659780266134021e+03
3.301182775627900355e+03
3.318555551852573444e+03
3.335779646553853581e+03
3.352856582844003242e+03
3.369787869328818942e+03
3.386575000110402470e+03
3.403219454797371327e+03
3.419722698522133669e+03
3.436086181964869866e+03
3.452311341383881881e+03
3.468399598651986707e+03
3.484352361298626420e+03
3.500171022557398373e+03
3.515856961418709034e+03
3.531411542687256770e+03
3.546836117044093953e+03
3.562132021112984148e+03
3.577300577530808823e+03
3.592343095021791669e+03
3.607260868475290863e+03
3.622055179026946007e+03
3.636727294142967821e+03
3.651278467707347772e+03
3.665709940111816650e+03
3.680022938348336993e+03
3.694218676103965208e+03
3.708298353857894654e+03
3.722263158980534627e+03
3.736114265834437447e+03
3.749852835876949484e+03
3.763480017764420609e+03
3.776996947457838360e+03
3.790404748329754511e+03
3.803704531272383974e+03
3.816897394806735065e+03
3.829984425192677918e+03
3.842966696539820532e+03
3.855845270919106497e+03
3.868621198475012079e+03
3.881295517538268541e+03
3.893869254739003281e+03
3.906343425120221582e+03
3.918719032251539829e+03
3.930997068343098363e+03
3.943178514359577548e+03
3.955264340134245231e+03
3.967255504482969627e+03
3.979152955318132172e+03
3.990957629762385750e+03
4.002670454262195562e+03
4.014292344701117145e+03
4.025824206512740602e+03
4.037266934793285145e+03
4.048621414413777075e+03
4.059888520131758924e+03
4.071069116702526117e+03
4.082164058989811565e+03
4.093174192075915926e+03
4.104100351371232136e+03
4.114943362723141945e+03
4.125704042524238503e+03
4.136383197819880479e+03
4.146981626415022220e+03
4.157500116980309031e+03
4.167939449157416675e+03
4.178300393663608702e+03
4.188583712395501607e+03
4.198790158532018722e+03
4.208920476636503736e+03
4.218975402758002929e+03
4.228955664531682487e+03
4.238861981278382700e+03
4.248695064103285404e+03
4.258455615993701940e+03
4.268144331915956172e+03
4.277761898911366188e+03
4.287308996191314691e+03
4.296786295231394433e+03
4.306194459864646888e+03
4.315534146373858675e+03
4.324806003582941230e+03
4.334010672947367311e+03
4.343148788643685293e+03
4.352220977658088486e+03
4.361227859874057685e+03
4.370170048159061480e+03
4.379048148450327972e+03
4.387862759839679711e+03
4.396614474657436404e+03
4.405303878555389019e+03
4.413931550588850769e+03
4.422498063297777662e+03
4.431003982786972301e+03
4.439449868805374535e+03
4.447836274824429893e+03
4.456163748115554881e+03
4.464432829826709167e+03
4.472644055058050981e+03
4.480797952936711226e+03
4.488895046690679919e+03
4.496935853721809508e+03
4.504920885677938713e+03
4.512850648524156895e+03
4.520725642613188938e+03
4.528546362754952497e+03
4.536313298285228484e+03
4.544026933133525745e+03
4.551687745890077167e+03
4.559296209872039071e+03
4.566852793188843862e+03
4.574357958806754141e+03
4.581812164612598281e+03
4.589215863476726554e+03
4.596569503315153270e+03
4.603873527150935843e+03
4.611128373174758053e+03
4.618334474804770252e+03
4.625492260745641033e+03
4.632602155046883126e+03
4.639664577160415320e+03
4.646679941997398601e+03
4.653648659984343794e+03
4.660571137118490697e+03
4.667447775022477799e+03
4.674278970998316254e+03
4.681065118080654429e+03
4.687806605089355799e+03
4.694503816681404714e+03
4.701157133402126419e+03
4.707766931735751314e+03
4.714333584155315293e+03
4.720857459171914343e+03
4.727338921383311572e+03
4.733778331521919426e+03
4.740176046502141617e+03
4.746532419467108411e+03
4.752847799834792568e+03
4.759122533343520445e+03
4.765356962096897405e+03
4.771551424608128400e+03
4.777706255843763756e+03
4.783821787266876527e+03
4.789898346879659584e+03
4.795936259265474291e+03
4.801935845630338008e+03
4.807897423843872275e+03
4.813821308479705294e+03
4.819707810855345087e+03
4.825557239071531512e+03
4.831369898051058954e+03
4.837146089577106977e+03
4.842886112331038930e+03
4.848590261929732151e+03
4.854258830962387037e+03
4.859892109026876824e+03
4.865490382765600771e+03
4.871053935900871693e+03
4.876583049269835101e+03
4.882078000858934502e+03
4.887539065837914677e+03
4.892966516593382948e+03
4.898360622761916602e+03
4.903721651262761952e+03
4.909049866330067744e+03
4.914345529544724741e+03
4.919608899865766944e+03
4.924840233661368984e+03
4.930039784739438801e+03
4.935207804377800130e+03
4.940344541353982095e+03
4.945450241974625897e+03
4.950525150104494060e+03
4.955569507195103142e+03
4.960583552312989013e+03
4.965567522167591960e+03
4.970521651138782545e+03
4.975446171304028212e+03
4.980341312465198826e+03
4.985207302175030236e+03
4.990044365763239512e+03
4.994852726362296380e+03
4.999632604932866343e+03
5.004384220288910910e+03
5.009107789122478607e+03
5.013803526028155829e+03
5.018471643527209380e+03
5.023112352091419780e+03
5.027725860166596249e+03
5.032312374195790653e+03
5.036872098642215860e+03
5.041405236011855777e+03
5.045911986875804359e+03
5.050392549892289026e+03
5.054847121828436684e+03
5.059275897581734171e+03
5.063679070201242212e+03
5.068056830908501979e+03
5.072409369118204268e+03
5.076736872458572179e+03
5.081039526791496428e+03
5.085317516232405978e+03
5.089571023169882210e+03
5.093800228285027515e+03
5.098005310570589245e+03
5.102186447349833543e+03
5.106343814295174525e+03
5.110477585446584271e+03
5.114587933229748160e+03
5.118675028474005558e+03
5.122739040430055866e+03
5.126780136787436277e+03
5.130798483691791262e+03
5.134794245761909224e+03
5.138767586106552699e+03
5.142718666341079370e+03
5.146647646603844805e+03
5.150554685572399649e+03
5.154439940479500365e+03
5.158303567128888972e+03
5.162145719910906337e+03
5.165966551817887193e+03
5.169766214459371440e+03
5.173544858077134450e+03
5.177302631560007285e+03
5.181039682458540483e+03
5.184756156999457744e+03
5.188452200099953188e+03
5.192127955381798529e+03
5.195783565185280167e+03
5.199419170582955303e+03
5.203034911393256152e+03
5.206630926193906816e+03
5.210207352335184623e+03
5.213764325953020489e+03
5.217301981981932840e+03
5.220820454167803291e+03
5.224319875080497695e+03
5.227800376126336232e+03
5.231262087560395230e+03
5.234705138498684391e+03
5.238129656930155761e+03
5.241535769728569903e+03
5.244923602664222926e+03
5.248293280415527988e+03
5.251644926580459469e+03
5.254978663687849803e+03
5.258294613208559895e+03
5.261592895566512198e+03
5.264873630149586461e+03
5.268136935320384509e+03
5.271382928426874059e+03
5.274611725812895202e+03
5.277823442828543193e+03
5.281018193840432104e+03
5.284196092241827500e+03
5.287357250462660886e+03
5.290501779979436833e+03
5.293629791324996404e+03
5.296741394098192359e+03
5.299836696973428843e+03
5.302915807710101035e+03
5.305978833161912917e+03
5.309025879286092277e+03
5.312057051152495660e+03
5.315072452952600543e+03
5.318072188008402918e+03
5.321056358781195740e+03
5.324025066880257327e+03
5.326978413071427894e+03
5.329916497285593323e+03
5.332839418627067062e+03
5.335747275381872896e+03
5.338640165025928582e+03
5.341518184233145803e+03
5.344381428883420085e+03
5.347229994070537941e+03
5.350063974109996707e+03
5.352883462546717055e+03
5.355688552162685482e+03
5.358479334984498564e+03
5.361255902290814447e+03
5.364018344619738855e+03
5.366766751776101046e+03
5.369501212838669744e+03
5.372221816167265388e+03
5.374928649409805075e+03
5.377621799509270204e+03
5.380301352710578612e+03
5.382967394567386691e+03
