# h
# unit = 1.0/Mpc
2.253892257689818176e-04
2.264256923749985765e-04
2.274780225750528090e-04
2.285462001041864660e-04
2.296302057168501118e-04
2.307300172691060212e-04
2.318456098014918816e-04
2.329769556223950180e-04
2.341240243917931067e-04
2.352867832052189920e-04
2.364651966778142462e-04
2.376592270283386834e-04
2.388688341630098157e-04
2.400939757590495212e-04
2.413346073478226728e-04
2.425906823974555929e-04
2.438621523948290327e-04
2.451489669268469584e-04
2.464510737608849485e-04
2.477684189243314124e-04
2.491009467831371165e-04
2.504486001192974209e-04
2.518113202071936649e-04
2.531890468887292999e-04
2.545817186471983711e-04
2.559892726798327386e-04
2.574116449689760463e-04
2.588487703518408561e-04
2.603005825888083432e-04
2.617670144302345031e-04
2.632479976817343010e-04
2.647434632679151957e-04
2.662533412945400878e-04
2.677775611091015866e-04
2.693160513597934471e-04
2.708687400528697977e-04
2.724355546083863052e-04
2.740164219143191018e-04
2.756112683790630470e-04
2.772200199823130103e-04
2.788426023243327826e-04
2.804789406736224585e-04
2.821289600129944265e-04
2.837925850840729834e-04
2.854697404302318302e-04
2.871603504379893453e-04
2.888643393768793597e-04
2.905816314378214518e-04
2.923121507700103300e-04
2.940558215163519506e-04
2.958125678474691394e-04
2.975823139943057196e-04
2.993649842793546785e-04
3.011605031465400804e-04
3.029687951897818365e-04
3.047897851802716836e-04
3.066233980924926812e-04
3.084695591290116624e-04
3.103281937440756475e-04
3.121992276660432277e-04
3.140825869186836630e-04
3.159781978413729662e-04
3.178859871082202054e-04
3.198058817461542185e-04
3.217378091520023994e-04
3.236816971085922936e-04
3.256374737999072799e-04
3.276050678253257780e-04
3.295844082129752574e-04
3.315754244322296194e-04
3.335780464053805252e-04
3.355922045185103170e-04
3.376178296315955900e-04
3.396548530878694947e-04
3.417032067224691169e-04
3.437628228703962317e-04
3.458336343738166408e-04
3.479155745887238960e-04
3.500085773909926705e-04
3.521125771818468244e-04
3.542275088927654739e-04
3.563533079898493984e-04
3.584899104776735905e-04
3.606372529026441627e-04
3.627952723558836262e-04
3.649639064756654669e-04
3.671430934494161790e-04
3.693327720153070904e-04
3.715328814634525690e-04
3.737433616367356968e-04
3.759641529312758319e-04
3.781951962965601766e-04
3.804364332352500305e-04
3.826878058026843884e-04
3.849492566060905329e-04
3.872207288035217328e-04
3.895021661025326737e-04
3.917935127586093702e-04
3.940947135733655418e-04
3.964057138925192202e-04
3.987264596036616785e-04
4.010568971338314198e-04
4.033969734469036359e-04
4.057466360408077647e-04
4.081058329445829054e-04
4.104745127152811205e-04
4.128526244347304960e-04
4.152401177061637604e-04
4.176369426507251480e-04
4.200430499038634749e-04
4.224583906116171207e-04
4.248829164268021902e-04
4.273165795051098734e-04
4.297593325011210270e-04
4.322111285642437771e-04
4.346719213345818416e-04
4.371416649387396976e-04
4.396203139855713710e-04
4.421078235618769122e-04
4.446041492280527942e-04
4.471092470137034416e-04
4.496230734132155714e-04
4.521455853813030981e-04
4.546767403285247163e-04
4.572164961167801797e-04
4.597648110547887979e-04
4.623216438935541647e-04
4.648869538218182614e-04
4.674607004615084576e-04
4.700428438631825616e-04
4.726333445014722977e-04
4.752321632705291694e-04
4.778392614794776407e-04
4.804546008478739012e-04
4.830781435011775329e-04
4.857098519662346155e-04
4.883496891667766073e-04
4.909976184189357050e-04
4.936536034267812378e-04
4.963176082778747097e-04
4.989895974388489650e-04
5.016695357510116398e-04
5.043573884259733341e-04
5.070531210413046228e-04
5.097566995362206059e-04
5.124680902072949488e-04
5.151872597042043891e-04
5.179141750255076117e-04
5.206488035144537238e-04
5.233911128548258572e-04
5.261410710668194650e-04
5.288986465029560727e-04
5.316638078440315057e-04
5.344365240951020647e-04
5.372167645815071300e-04
5.400044989449296045e-04
5.427996971394936530e-04
5.456023294279022324e-04
5.484123663776108333e-04
5.512297788570432898e-04
5.540545380318449929e-04
5.568866153611747027e-04
5.597259825940381021e-04
5.625726117656608145e-04
5.654264751938989364e-04
5.682875454756915277e-04
5.711557954835536511e-04
5.740311983621071423e-04
5.769137275246522542e-04
5.798033566497810430e-04
5.827000596780262075e-04
5.856038108085538391e-04
5.885145844958936849e-04
5.914323554467094176e-04
5.943570986166068527e-04
5.972887892069835827e-04
6.002274026619154731e-04
6.031729146650821908e-04
6.061253011367321968e-04
6.090845382306838427e-04
6.120506023313675593e-04
6.150234700509025218e-04
6.180031182262119135e-04
6.209895239161761357e-04
6.239826643988216886e-04
6.269825171685469148e-04
6.299890599333838465e-04
6.330022706122958318e-04
6.360221273325115899e-04
6.390486084268930935e-04
6.420816924313390130e-04
6.451213580822223129e-04
6.481675843138635191e-04
6.512203502560355356e-04
6.542796352315033729e-04
6.573454187535968368e-04
6.604176805238153080e-04
6.634964004294663506e-04
6.665815585413350022e-04
6.696731351113842899e-04
6.727711105704898978e-04
6.758754655262022657e-04
6.789861807605412133e-04
6.821032372278215726e-04
6.852266160525057092e-04
6.883562985270888935e-04
6.914922661100118871e-04
6.946345004236026931e-04
6.977829832520464955e-04
7.009376965393843313e-04
7.040986223875395165e-04
7.072657430543696604e-04
7.104390409517481698e-04
7.136184986436709069e-04
7.168040988443890845e-04
7.199958244165687244e-04
7.231936583694759200e-04
7.263975838571857342e-04
7.296075841768184193e-04
7.328236427667978630e-04
7.360457432051365975e-04
7.392738692077419505e-04
7.425080046267493010e-04
7.457481334488746342e-04
7.489942397937934425e-04
7.522463079125402260e-04
7.555043221859314125e-04
7.587682671230088763e-04
7.620381273595073102e-04
7.653138876563402460e-04
7.685955328981104685e-04
7.718830480916368019e-04
7.751764183645066999e-04
7.784756289636444483e-04
7.817806652539013770e-04
7.850915127166661293e-04
7.884081569484926045e-04
7.917305836597480660e-04
7.950587786732801147e-04
7.983927279231017686e-04
8.017324174530947572e-04
8.050778334157313552e-04
8.084289620708123717e-04
8.117857897842251959e-04
8.151483030267161556e-04
8.185164883726821737e-04
8.218903324989773867e-04
8.252698221837381949e-04
8.286549443052213231e-04
8.320456858406623723e-04
8.354420338651446717e-04
8.388439755504891642e-04
8.422514981641550250e-04
8.456645890681586042e-04
8.490832357180048365e-04
8.525074256616342648e-04
8.559371465383853496e-04
8.593723860779691392e-04
8.628131320994587936e-04
8.662593725102934192e-04
8.697110953052945891e-04
8.731682885656965242e-04
8.766309404581893935e-04
8.800990392339755157e-04
8.835725732278394392e-04
8.870515308572273459e-04
8.905359006213436944e-04
8.940256711002554516e-04
8.975208309540121544e-04
9.010213689217737775e-04
9.045272738209546477e-04
9.080385345463755972e-04
9.115551400694288028e-04
9.150770794372535761e-04
9.186043417719233191e-04
9.221369162696420232e-04
9.256747921999546437e-04
9.292179589049636562e-04
9.327664057985599229e-04
9.363201223656602819e-04
9.398790981614583637e-04
9.434433228106832133e-04
9.470127860068686468e-04
9.505874775116312809e-04
9.541673871539586458e-04
9.577525048295084656e-04
9.613428204999119493e-04
9.649383241920925875e-04
9.685390059975879833e-04
9.721448560718862122e-04
9.757558646337646758e-04
9.793720219646443511e-04
9.829933184079438224e-04
9.866197443684522877e-04
9.902512903116999620e-04
9.938879467633445278e-04
9.975297043085615961e-04
1.001176553591443408e-03
1.004828485314406428e-03
1.008485490237606089e-03
1.012147559178356963e-03
1.015814683010564422e-03
1.019486852664160201e-03
1.023164059124544471e-03
1.026846293432038962e-03
1.030533546681343567e-03
1.034225810021001390e-03
1.037923074652868146e-03
1.041625331831592819e-03
1.045332572864100720e-03
1.049044789109083694e-03
1.052761971976498567e-03
1.056484112927070585e-03
1.060211203471801179e-03
1.063943235171487672e-03
1.067680199636240369e-03
1.071422088525013968e-03
1.075168893545139616e-03
1.078920606451864127e-03
1.082677219047895262e-03
1.086438723182952225e-03
1.090205110753320918e-03
1.093976373701416793e-03
1.097752504015350305e-03
1.101533493728500601e-03
1.105319334919091382e-03
1.109110019709773918e-03
1.112905540267213316e-03
1.116705888801684549e-03
1.120511057566663925e-03
1.124321038858437692e-03
1.128135825015703919e-03
1.131955408419186952e-03
1.135779781491253609e-03
1.139608936695531973e-03
1.143442866536539945e-03
1.147281563559311409e-03
1.151125020349035195e-03
1.154973229530687753e-03
1.158826183768681649e-03
1.162683875766508000e-03
1.166546298266391696e-03
1.170413444048943154e-03
1.174285305932820048e-03
1.178161876774389254e-03
1.182043149467395301e-03
1.185929116942628821e-03
1.189819772167604976e-03
1.193715108146239066e-03
1.197615117918531241e-03
1.201519794560250562e-03
1.205429131182626660e-03
1.209343120932040733e-03
1.213261756989723709e-03
1.217185032571455917e-03
1.221112940927271320e-03
1.225045475341162609e-03
1.228982629130794110e-03
1.232924395647213818e-03
1.236870768274570421e-03
1.240821740429833139e-03
1.244777305562514823e-03
1.248737457154400037e-03
1.252702188719270315e-03
1.256671493802641575e-03
1.260645365981495018e-03
1.264623798864017998e-03
1.268606786089345340e-03
1.272594321327301728e-03
1.276586398278149953e-03
1.280583010672340250e-03
1.284584152270261360e-03
1.288589816861999190e-03
1.292599998267090263e-03
1.296614690334286233e-03
1.300633886941313620e-03
1.304657581994642882e-03
1.308685769429252920e-03
1.312718443208406001e-03
1.316755597323416172e-03
1.320797225793429383e-03
1.324843322665198190e-03
1.328893882012866217e-03
1.332948897937745675e-03
1.337008364568107897e-03
1.341072276058966062e-03
1.345140626591868763e-03
1.349213410374689890e-03
1.353290621641422631e-03
1.357372254651977375e-03
1.361458303691978318e-03
1.365548763072565053e-03
1.369643627130196330e-03
1.373742890226452512e-03
1.377846546747844110e-03
1.381954591105620305e-03
1.386067017735578139e-03
1.390183821097879273e-03
1.394304995676859176e-03
1.398430535980849099e-03
1.402560436541991536e-03
