# mu
-inf
3.325197053683594106e+01
3.477351235848594513e+01
3.567012077626254296e+01
3.631073147538533163e+01
3.681096795176812009e+01
3.722233438148141005e+01
3.757230660503964259e+01
3.787728687753323698e+01
3.814785637769034565e+01
3.839124106189752439e+01
3.861259596385245629e+01
3.881572830151706199e+01
3.900353014916902339e+01
3.917825030804051067e+01
3.934167215408144358e+01
3.949523397122766255e+01
3.964011274050328382e+01
3.977728394371784759e+01
3.990756517687477611e+01
4.003164856406111483e+01
4.015012525510600483e+01
4.026350421944815139e+01
4.037222685925022603e+01
4.047667851047658161e+01
4.057719759490358058e+01
4.067408297633868131e+01
4.076759992801540022e+01
4.085798501443448316e+01
4.094545011636481746e+01
4.103018577339936002e+01
4.111236397840413304e+01
4.119214052832322182e+01
4.126965701328722957e+01
4.134504250883840371e+01
4.141841502292694344e+01
4.148988273914220315e+01
4.155954508968611094e+01
4.162749368533847161e+01
4.169381312470712686e+01
4.175858170110351608e+01
4.182187202221305000e+01
4.188375155517000792e+01
4.194428310756913447e+01
4.200352525325067887e+01
4.206153271030527208e+01
4.211835667759903856e+01
4.217404513517070086e+01
4.222864311306365437e+01
4.228219293249717481e+01
4.233473442272881471e+01
4.238630511649526511e+01
4.243694042652658993e+01
4.248667380529583681e+01
4.253553688988340298e+01
4.258355963359389307e+01
4.263077042575676501e+01
4.267719620096470123e+01
4.272286253885098972e+01
4.276779375537547878e+01
4.281201298647441433e+01
4.285554226483085216e+01
4.289840259043592141e+01
4.294061399553628178e+01
4.298219560449748400e+01
4.302316568905548877e+01
4.306354171937813646e+01
4.310334041131385874e+01
4.314257777016607065e+01
4.318126913129677291e+01
4.321942919783266746e+01
4.325707207571970514e+01
4.329421130634796810e+01
4.333085989694765772e+01
4.336703034893731967e+01
4.340273468438897453e+01
4.343798447075914027e+01
4.347279084402146765e+01
4.350716453032408992e+01
4.354111586628413022e+01
4.357465481802185536e+01
4.360779099902782718e+01
4.364053368694874280e+01
4.367289183937015906e+01
4.370487410866780920e+01
4.373648885599330072e+01
4.376774416445461924e+01
4.379864785154693152e+01
4.382920748088481133e+01
4.385943037328287630e+01
4.388932361722832809e+01
4.391889407878530704e+01
4.394814841096813041e+01
4.397709306261754136e+01
4.400573428681167343e+01
4.403407814884091209e+01
4.406213053377394573e+01
4.408989715364003814e+01
4.411738355425110569e+01
4.414459512168510713e+01
4.417153708845118132e+01
4.419821453935512068e+01
4.422463241708285864e+01
4.425079552751822831e+01
4.427670854481019092e+01
4.430237601620378030e+01
4.432780236664805784e+01
4.435299190319337725e+01
4.437794881918966894e+01
4.440267719829655846e+01
4.442718101831542299e+01
4.445146415485304203e+01
4.447553038482564602e+01
4.449938338981176855e+01
4.452302675926183895e+01
4.454646399357181963e+01
4.456969850702788705e+01
4.459273363062860085e+01
4.461557261479083536e+01
4.463821863194512218e+01
4.466067477902596750e+01
4.468294407986218175e+01
4.470502948747210326e+01
4.472693388626829858e+01
4.474866009417603152e+01
4.477021086466953648e+01
4.479158888873004685e+01
4.481279679672906013e+01
4.483383716024040666e+01
4.485471249378435488e+01
4.487542525650670200e+01
4.489597785379600481e+01
4.491637263884143749e+01
4.493661191413416134e+01
4.495669793291446581e+01
4.497663290056716789e+01
4.499641897596750084e+01
4.501605827277947469e+01
4.503555286070897523e+01
4.505490476671326405e+01
4.507411597616888344e+01
4.509318843399950794e+01
4.511212404576567536e+01
4.513092467871764768e+01
4.514959216281310717e+01
4.516812829170105204e+01
4.518653482367317054e+01
4.520481348258416432e+01
4.522296595874200875e+01
4.524099390976952861e+01
4.525889896143835500e+01
4.527668270847620136e+01
4.529434671534873047e+01
4.531189251701671594e+01
4.532932161966961360e+01
4.534663550143640975e+01
4.536383561307447820e+01
4.538092337863738379e+01
4.539790019612240712e+01
4.541476743809842276e+01
4.543152645231494091e+01
4.544817856229302322e+01
4.546472506789859125e+01
4.548116724589885962e+01
4.549750635050250480e+01
4.551374361388404566e+01
4.552988024669310363e+01
4.554591743854897601e+01
4.556185635852106230e+01
4.557769815559566950e+01
4.559344395912958703e+01
4.560909487929095008e+01
4.562465200748776084e+01
4.564011641678456499e+01
4.565548916230753207e+01
4.567077128163852251e+01
4.568596379519828332e+01
4.570106770661938356e+01
4.571608400310893217e+01
4.573101365580170352e+01
4.574585762010367063e+01
4.576061683602662100e+01
4.577529222851375579e+01
4.578988470775684760e+01
4.580439516950505663e+01
4.581882449536577440e+01
4.583317355309763030e+01
4.584744319689603742e+01
4.586163426767138418e+01
4.587574759332014196e+01
4.588978398898917987e+01
4.590374425733332941e+01
4.591762918876656840e+01
4.593143956170695219e+01
4.594517614281537021e+01
4.595883968722855428e+01
4.597243093878626041e+01
4.598595063025292973e+01
4.599939948353399188e+01
4.601277820988688916e+01
4.602608751012705568e+01
4.603932807482895129e+01
4.605250058452227790e+01
4.606560570988362002e+01
4.607864411192341692e+01
4.609161644216871423e+01
4.610452334284151732e+01
4.611736544703298790e+01
4.613014337887373983e+01
4.614285775370002085e+01
4.615550917821622079e+01
4.616809825065358552e+01
4.618062556092539239e+01
4.619309169077850186e+01
4.620549721394161224e+01
4.621784269627012520e+01
4.623012869588775686e+01
4.624235576332502262e+01
4.625452444165469501e+01
4.626663526662419201e+01
4.627868876678510901e+01
4.629068546361992986e+01
4.630262587166595267e+01
4.631451049863651548e+01
4.632633984553966400e+01
4.633811440679420457e+01
4.634983467034331284e+01
4.636150111776574079e+01
4.637311422438457242e+01
4.638467445937379807e+01
4.639618228586257942e+01
4.640763816103734030e+01
4.641904253624169741e+01
4.643039585707441574e+01
4.644169856348521108e+01
4.645295108986864108e+01
4.646415386515607082e+01
4.647530731290576256e+01
4.648641185139107534e+01
4.649746789368695232e+01
4.650847584775461740e+01
4.651943611652454535e+01
4.653034909797782603e+01
4.654121518522588019e+01
4.655203476658856232e+01
4.656280822567074296e+01
4.657353594143737041e+01
4.658421828828708300e+01
4.659485563612432912e+01
4.660544835043012313e+01
4.661599679233141558e+01
4.662650131866908509e+01
4.663696228206469385e+01
4.664738003098587171e+01
4.665775490981052087e+01
4.666808725888975573e+01
4.667837741460964196e+01
4.668862570945180579e+01
4.669883247205287802e+01
4.670899802726277983e+01
4.671912269620200675e+01
4.672920679631774021e+01
4.673925064143901409e+01
4.674925454183076567e+01
4.675921880424699140e+01
4.676914373198280828e+01
4.677902962492568406e+01
4.678887677960560154e+01
4.679868548924444127e+01
4.680845604380435532e+01
4.681818873003535231e+01
4.682788383152197298e+01
4.683754162872913440e+01
4.684716239904719259e+01
4.685674641683614539e+01
4.686629395346909632e+01
4.687580527737492275e+01
4.688528065408021206e+01
4.689472034625040919e+01
4.690412461373036024e+01
4.691349371358398201e+01
4.692282790013337745e+01
4.693212742499722623e+01
4.694139253712849325e+01
4.695062348285151188e+01
4.695982050589841350e+01
4.696898384744496013e+01
4.697811374614573765e+01
4.698721043816874499e+01
4.699627415722945045e+01
4.700530513462420146e+01
4.701430359926311553e+01
4.702326977770241712e+01
4.703220389417622016e+01
4.704110617062777067e+01
4.704997682674023451e+01
4.705881607996685290e+01
4.706762414556073537e+01
4.707640123660405607e+01
4.708514756403686619e+01
4.709386333668530966e+01
4.710254876128951906e+01
4.711120404253095728e+01
4.711982938305936841e+01
4.712842498351924547e+01
4.713699104257592154e+01
4.714552775694122744e+01
4.715403532139872311e+01
4.716251392882851690e+01
4.717096377023176501e+01
4.717938503475465239e+01
4.718777790971212482e+01
4.719614258061115208e+01
4.720447923117370692e+01
4.721278804335928214e+01
4.722106919738718034e+01
4.722932287175832755e+01
4.723754924327685956e+01
4.724574848707129604e+01
4.725392077661543055e+01
4.726206628374886520e+01
4.727018517869729664e+01
4.727827763009238993e+01
4.728634380499143930e+01
4.729438386889668067e+01
4.730239798577434840e+01
4.731038631807336969e+01
4.731834902674390264e+01
4.732628627125545506e+01
4.733419820961481861e+01
4.734208499838374706e+01
4.734994679269629358e+01
4.735778374627594189e+01
4.736559601145251719e+01
4.737338373917873469e+01
4.738114707904665579e+01
4.738888617930376768e+01
4.739660118686887813e+01
4.740429224734784697e+01
4.741195950504894085e+01
4.741960310299809578e+01
4.742722318295390949e+01
4.743481988542238525e+01
4.744239334967154775e+01
4.744994371374573916e+01
4.745747111447981581e+01
4.746497568751305351e+01
4.747245756730293209e+01
4.747991688713867120e+01
4.748735377915456723e+01
4.749476837434320942e+01
4.750216080256844009e+01
4.750953119257813739e+01
4.751687967201689844e+01
4.752420636743839566e+01
4.753151140431775445e+01
4.753879490706356137e+01
4.754605699902985805e+01
4.755329780252789362e+01
4.756051743883772076e+01
4.756771602821964962e+01
4.757489368992554546e+01
4.758205054220994867e+01
4.758918670234108816e+01
4.759630228661166029e+01
4.760339741034956518e+01
4.761047218792843694e+01
4.761752673277803183e+01
4.762456115739448137e+01
4.763157557335043890e+01
4.763857009130504139e+01
4.764554482101377886e+01
4.765249987133819332e+01
4.765943535025549238e+01
4.766635136486798530e+01
4.767324802141246209e+01
4.768012542526938091e+01
4.768698368097194873e+01
4.769382289221512394e+01
4.770064316186446973e+01
4.770744459196485820e+01
4.771422728374916034e+01
4.772099133764670853e+01
4.772773685329171656e+01
4.773446392953157158e+01
4.774117266443505514e+01
4.774786315530035807e+01
4.775453549866313097e+01
4.776118979030431433e+01
4.776782612525792615e+01
4.777444459781875707e+01
4.778104530154993768e+01
4.778762832929038495e+01
4.779419377316225592e+01
4.780074172457820936e+01
4.780727227424858938e+01
4.781378551218858775e+01
4.782028152772521423e+01
4.782676040950427421e+01
4.783322224549718982e+01
4.783966712300777147e+01
