# 2pt_simulation
1.424700378905647530e-05
8.045626612485708246e-06
6.955300776267968601e-06
6.544197438545794341e-06
4.771998726708861591e-06
3.207094702518702453e-06
4.397088599549912896e-06
1.155575488409600843e-05
8.036289137084973833e-06
6.646252162763699418e-06
6.377025246860348717e-06
4.722048674604686679e-06
4.532316658820953513e-06
3.823408062345781210e-06
1.537188367021920832e-05
1.006642346934788510e-05
8.943333012161561681e-06
6.736811387041057738e-06
5.624820231786146666e-06
4.620254723323425790e-06
3.496973020211064201e-06
1.109072749822645593e-05
1.250156975430211045e-05
1.177033061469809160e-05
8.365999571995894179e-06
4.601171364301612317e-06
5.646023128581338895e-06
3.463248008652620482e-06
2.560030608065674992e-05
2.189435251868553838e-05
1.508778014934131243e-05
1.490140330842929313e-05
1.013802200631986226e-05
7.675593877984499154e-06
6.612162125504500998e-06
3.337265149329170623e-05
2.733124743793301714e-05
2.106097838289248237e-05
1.560321025344064749e-05
1.363867286584894438e-05
9.208603800407517330e-06
7.287589202282263474e-06
3.681337528196846633e-05
2.784907411579510232e-05
2.322836660315867670e-05
1.798995145911787640e-05
1.495507354341998226e-05
1.039766230566232507e-05
8.287679790822529165e-06
4.974975066112715126e-05
4.192370885362953312e-05
3.170123253425449305e-05
2.481227891945628975e-05
1.820004118396565675e-05
1.380397027662134320e-05
1.026187613834529002e-05
5.779869298123745477e-05
4.835978517311206350e-05
3.879689769992885012e-05
3.155282880019157511e-05
2.271457044361540226e-05
1.474740896355880123e-05
1.115754292260146027e-05
7.044601298026117618e-05
6.255403271428889005e-05
5.213277538279283878e-05
3.567683065725928024e-05
2.613635326555853474e-05
1.555502400798296870e-05
1.363912543674840691e-05
1.098525500709422187e-06
4.827814113474220734e-07
1.525237950763759067e-06
4.867103591592525973e-07
5.632963070255702494e-07
1.823818138850645229e-07
1.355079546893966648e-07
1.970424772908749763e-06
1.138865088217277718e-06
1.034141633774132966e-06
8.378983113333784762e-07
7.258698952348931058e-07
5.345998263147311191e-07
3.387236152704270103e-07
1.873146669131783611e-06
1.372118909283855610e-06
7.829809324154469297e-07
1.011533023059342506e-06
9.966229691542168635e-07
8.745926474131162509e-07
6.353817258774875667e-07
1.643606175686009317e-06
1.595539575069918863e-06
8.459486959580721430e-07
6.245890918227430545e-07
8.086634329985365409e-07
7.994846138618146393e-07
6.495668781678362068e-07
4.684393582649854904e-06
3.129123727091072160e-06
2.588122317019230829e-06
2.371982157111772646e-06
2.195384202257489392e-06
1.574483776128711249e-06
9.450006070342494958e-07
5.136171985039766894e-06
4.636604217787907663e-06
3.665470216762004658e-06
2.893322000833753243e-06
2.339637021723773505e-06
1.749296191918275169e-06
1.156789097545148530e-06
6.597407475880921723e-06
4.915897507160420605e-06
3.322979284501590906e-06
2.921174439136907001e-06
2.847371808671438630e-06
2.221217324738103413e-06
1.250218139023360699e-06
7.290358276263461506e-06
7.307239284719739024e-06
5.589023465095019386e-06
4.537723217892114186e-06
3.871060031141932701e-06
2.641822356402303855e-06
1.848542942954906920e-06
9.434468639921311279e-06
8.393336481409721962e-06
6.974313505188642333e-06
5.243581823976711040e-06
4.368497525998953386e-06
3.212228758046243611e-06
2.171142482520124818e-06
1.037514461486716463e-05
1.079795178341510957e-05
9.105750852988246191e-06
7.631616323585896863e-06
6.174068188146695208e-06
4.315782127246493685e-06
2.669764176601584723e-06
