# 2pt_theory
8.809296200497400897e-06
6.953503187960070574e-06
5.484593935941701260e-06
4.319057542226017409e-06
3.395268917350476112e-06
2.690978340442284540e-06
2.060574345029748029e-06
1.084058403683717362e-05
8.676411614944088994e-06
6.927357422121917554e-06
5.510020625009728530e-06
4.360076656383423866e-06
3.455019892799322661e-06
2.650025654013509042e-06
1.179187346948921650e-05
9.387370213984477121e-06
7.443205550456076594e-06
5.876639513344436908e-06
4.617469147517542468e-06
3.635835879904939307e-06
2.778733083939636533e-06
1.227918817843678206e-05
9.749232776501861166e-06
7.705143014703649435e-06
6.063229654351465336e-06
4.749327295036686704e-06
3.728856574559517155e-06
2.845021035050362505e-06
2.516016860148675513e-05
2.015748932482644363e-05
1.619232394618442893e-05
1.293528631990819771e-05
1.019530946262505552e-05
7.903302622704704074e-06
5.907554491905665595e-06
3.270286460959405021e-05
2.623898127336909798e-05
2.104280696969115571e-05
1.672332722186927942e-05
1.306733704384124012e-05
1.000148296354971677e-05
7.373570444324300910e-06
3.605030376031972901e-05
2.890558977169454681e-05
2.314541610240892347e-05
1.834980748024306720e-05
1.429230728019185432e-05
1.089243436932490039e-05
7.994868412774784079e-06
5.104257737418524963e-05
4.108571436181239717e-05
3.282754835770093789e-05
2.580582239449590140e-05
1.981068880495849693e-05
1.478323533097026885e-05
1.057722616622945908e-05
6.053086430205560306e-05
4.869019453484115369e-05
3.878512152111611585e-05
3.032931857017907008e-05
2.311462004144936274e-05
1.708457264729583839e-05
1.208839671555230720e-05
7.526270038849105842e-05
6.045710587152573290e-05
4.793470617829790454e-05
3.719991864160638196e-05
2.805853225971264797e-05
2.045926121775627608e-05
1.424764215355302833e-05
1.245977579508979236e-06
9.774310481460084968e-07
7.593763619777681374e-07
5.885772482141897672e-07
4.574059384797134567e-07
3.563568681430874926e-07
2.774869648403205059e-07
1.471075020625131705e-06
1.192679315483051309e-06
9.596520622933042784e-07
7.701442148298217931e-07
6.175404620633763199e-07
4.944386893675888284e-07
3.941921072496294816e-07
1.640003649539176463e-06
1.331000697524789143e-06
1.067820308744245017e-06
8.514838076874860773e-07
6.769663396989227917e-07
5.376180163023929546e-07
4.261007314321663628e-07
1.730625820851013218e-06
1.403766540788127283e-06
1.124096986904052068e-06
8.936730743771263469e-07
7.079647693265830119e-07
5.602646675129253582e-07
4.428353613649359600e-07
3.922947506878739420e-06
3.196746322972475066e-06
2.636456467099300882e-06
2.188267080186654181e-06
1.812421257378056142e-06
1.483747473430815595e-06
1.189255249722935600e-06
5.197180197162650689e-06
4.275680543118946964e-06
3.550668447730230222e-06
2.956047341937921111e-06
2.445254156387385698e-06
1.991441124721096298e-06
1.579189866787092381e-06
5.781168257423821579e-06
4.763238649324304667e-06
3.957680506801902650e-06
3.293070074571500267e-06
2.719960291411546901e-06
2.209879121827259996e-06
1.746062360787232359e-06
8.308047546979116098e-06
6.953739381791263914e-06
5.841945437678483021e-06
4.881502801259651252e-06
4.016999927142844573e-06
3.225745146306927005e-06
2.479068921456147922e-06
9.950528985000989615e-06
8.362644113474031424e-06
7.036912282585479124e-06
5.872658500468955904e-06
4.814078766105261257e-06
3.836123619071508871e-06
2.918995818723360839e-06
1.252111991269246265e-05
1.057793970218120343e-05
8.913984035962599069e-06
7.420176223610191053e-06
6.046933734683543144e-06
4.754481383209615120e-06
3.577660096773572480e-06
