# bin_2_1
9.955405475598549814e-09
9.991382868900667091e-09
1.002859398863192246e-08
1.006707350656609388e-08
1.010685411733211779e-08
1.014796811175290379e-08
1.019044822073275881e-08
1.023432764456282131e-08
1.027964295600473525e-08
1.032643385556848504e-08
1.037473943638592639e-08
1.042459830555026615e-08
1.047604432191199279e-08
1.052910789159044101e-08
1.058381964054697360e-08
1.064021324432397826e-08
1.069833146867757926e-08
1.075821786754116419e-08
1.081991295920753251e-08
1.088344579816761006e-08
1.094884073030235700e-08
1.101612609430082286e-08
1.108534546273891208e-08
1.115654538430463591e-08
1.122975950929783739e-08
1.130500378490353911e-08
1.138229597249776235e-08
1.146167331193932189e-08
1.154317349916228466e-08
1.162680700495169523e-08
1.171256219252740400e-08
1.180044503916451652e-08
1.189048413716277123e-08
1.198268584405678881e-08
1.207701424063196114e-08
1.217344464467249149e-08
1.227198733241208785e-08
1.237263238452472920e-08
1.247532586265988315e-08
1.258003668392673185e-08
1.268677653142300951e-08
1.279552430230416103e-08
1.290624125621100296e-08
1.301894529964167338e-08
1.313365626380606376e-08
1.325033821571050718e-08
1.336899287217755496e-08
1.348964150939126958e-08
1.361222296549970254e-08
1.373669401738819766e-08
1.386306253842770423e-08
1.399121170319912168e-08
1.412102351934160236e-08
1.425246293458125777e-08
1.438533033703897781e-08
1.451946861682637534e-08
1.465479110665868394e-08
1.479103367406569483e-08
1.492801512219485353e-08
1.506551256841402644e-08
1.520319457146210976e-08
1.534081617856900682e-08
1.547802157428275123e-08
1.561460089279246896e-08
1.575032855586683484e-08
1.588502061096830863e-08
1.601868174318403474e-08
1.615116047028155130e-08
1.628246135670825657e-08
1.641247945742758869e-08
1.654107456940712174e-08
1.666810213057413256e-08
1.679322393528586441e-08
1.691612424337437409e-08
1.703620651519042332e-08
1.715291388978049669e-08
1.726554059397572270e-08
1.737363996688309128e-08
1.747672741135482810e-08
1.757458231213345686e-08
1.766702397969632877e-08
1.775399839295988319e-08
1.783548022059298372e-08
1.791119749103503221e-08
1.798088893084579665e-08
1.804409930029315565e-08
1.810035297010582168e-08
1.814927235530178027e-08
1.819033899933706599e-08
1.822305572241933093e-08
1.824679742057105818e-08
1.826103082016542960e-08
1.826549369549766782e-08
1.826017082282627821e-08
1.824528902219555381e-08
1.822090890896582447e-08
1.818687125674673206e-08
1.814255171129900272e-08
1.808722286240416637e-08
1.802031515655473363e-08
1.794150574613470401e-08
1.785087516473937375e-08
1.774873633191944661e-08
1.763542749027542091e-08
1.751101542323637894e-08
1.737519123695127281e-08
1.722755147740881217e-08
1.706779779881924544e-08
1.689608384286189352e-08
1.671271765327013513e-08
1.651815399568824383e-08
1.631276103510933217e-08
1.609680493654919456e-08
1.587032131120749396e-08
1.563321761735977314e-08
1.538579453905578122e-08
1.512873720382439176e-08
1.486290070195532784e-08
1.458878878663679760e-08
1.430663622378582187e-08
1.401670228923673591e-08
1.371962788737090115e-08
1.341632997611272969e-08
1.310764725224474140e-08
1.279419782506171518e-08
1.247647436738243975e-08
1.215517347068138658e-08
1.183112433896378700e-08
1.150539571853242728e-08
1.117866569168123121e-08
1.085159621129090666e-08
1.052488141732644128e-08
1.019952963876015085e-08
9.876315716570801622e-09
9.555950726161028323e-09
9.239026341352645778e-09
8.926302801850056174e-09
8.618480392096870676e-09
8.316121317940666149e-09
8.019683126554343843e-09
7.729636719261799274e-09
7.446470374803221122e-09
7.170458485592549843e-09
6.901826039092034941e-09
6.640783881997599625e-09
6.387469519530027409e-09
6.141893352304352727e-09
5.904034091824081059e-09
5.673839842416788106e-09
5.451174082772789529e-09
5.235854212368773345e-09
5.027683783440618920e-09
4.826423473203654296e-09
4.631800118134941178e-09
4.443556241720173481e-09
4.261406603166571279e-09
4.085070957228664507e-09
3.914297330618142470e-09
3.748837952285671072e-09
3.588480023186569055e-09
3.433039080333307881e-09
3.282378074612160031e-09
3.136400574571256802e-09
2.995057828080970185e-09
2.858345503642309886e-09
2.726298961286175177e-09
2.598982579693038206e-09
2.476479998978054866e-09
2.358879565772099536e-09
2.246253744370765991e-09
2.138647988288876600e-09
2.036068104023512580e-09
1.938469464074730058e-09
1.845758984816805520e-09
1.757797805674573971e-09
1.674402105470030801e-09
1.595354673076996277e-09
1.520407328786391234e-09
1.449289754881022592e-09
1.381721388165522936e-09
1.317423566833719464e-09
1.256136472643118706e-09
1.197634642855570907e-09
1.141735021026773684e-09
1.088300494519373413e-09
1.037227499686119672e-09
9.884321377897213815e-10
9.418327830418177576e-10
8.973382651290978199e-10
8.548491747611039791e-10
8.142685309640995680e-10
7.755202307483025479e-10
7.385553839998920057e-10
7.033464654803125827e-10
6.698663661404946288e-10
6.380670422047946024e-10
6.078667338682075670e-10
5.791524782048076519e-10
5.517975323090040135e-10
5.256842049964258609e-10
5.007223061956945740e-10
4.768527812258076760e-10
4.540438933368361219e-10
4.322754223699408507e-10
4.115266513453653139e-10
3.917613874659532743e-10
3.729277533900805023e-10
3.549637991875842554e-10
3.378115314226656468e-10
3.214263237893752779e-10
3.057761171835570686e-10
2.908316308613606359e-10
2.765583815679901222e-10
2.629217730812389760e-10
2.498919272854540163e-10
2.374424243919509123e-10
2.255473313412194503e-10
2.141778087539520499e-10
2.033092201292435933e-10
1.929191429663328128e-10
1.829867568647471439e-10
1.734933008187093835e-10
1.644191543563954219e-10
1.557464577455972317e-10
1.474586135053502477e-10
1.395399765847217768e-10
1.319757282929836591e-10
1.247517390342011891e-10
1.178548414507575556e-10
1.112724852951075149e-10
1.049925112913105610e-10
9.900380864891963146e-11
9.329540387046226235e-11
8.785693665199400443e-11
8.267854708313357777e-11
7.775066692866675532e-11
7.306412674342080265e-11
6.861005469530517361e-11
6.437996325660901609e-11
6.036543045621779817e-11
5.655846137994079917e-11
5.295119622449268326e-11
4.953598679961649295e-11
4.630528519472819554e-11
4.325188499369991633e-11
4.036859684759107685e-11
3.764834377939137107e-11
3.508440029890825124e-11
3.266997925188843524e-11
3.039850094330319939e-11
2.826356812886591445e-11
2.625890970812202733e-11
2.437830702965613348e-11
2.261583132888572145e-11
2.096562315209415785e-11
1.942195888604843165e-11
1.797933996307103128e-11
1.663239879915821469e-11
1.537593635507392055e-11
1.420490008172658329e-11
1.311450579472046847e-11
1.210003311694717972e-11
1.115700553277079577e-11
1.028114766035408703e-11
9.468319542174667772e-12
8.714573360366422932e-12
8.016187587321093330e-12
7.369572456774996827e-12
6.771320023308866279e-12
6.218239117981357424e-12
5.707254914115686845e-12
5.235496322584552595e-12
4.800246411119800900e-12
4.398932558914387304e-12
4.029155047855098598e-12
3.688639585879084747e-12
3.375265024853846285e-12
3.087041238585096627e-12
2.822097269272749975e-12
2.578698074844755009e-12
2.355209865573627400e-12
2.150119274790272270e-12
1.962012545344828547e-12
1.789568286101275993e-12
1.631569991584924500e-12
1.486876682611432987e-12
1.354437760668256348e-12
1.233275345512945553e-12
1.122479643568268738e-12
1.021212938180945669e-12
9.287001648738029400e-13
8.442216415266395393e-13
7.671149340387289382e-13
6.967687378347934233e-13
6.326186956193882366e-13
5.741449750836075019e-13
5.208690299973309152e-13
4.723496052627023600e-13
4.281817462798233017e-13
3.879919141426280125e-13
3.514379914143121753e-13
3.182040753938501306e-13
2.880006871291342769e-13
2.605630208762448720e-13
2.356481743329162643e-13
2.130338610966124714e-13
1.925176037549946448e-13
1.739116407152145633e-13
1.570443181763659965e-13
1.417597213710957322e-13
1.279157541020157132e-13
1.153819011734237760e-13
1.040389632957801477e-13
9.377931295607384837e-14
8.450318563666181242e-14
7.611956320776822071e-14
6.854638858529170322e-14
6.170911239259560498e-14
5.553977606826374251e-14
4.997387801889685039e-14
4.495632931689858693e-14
4.043499674036048174e-14
3.636231964838815487e-14
3.269603222243270830e-14
2.939587800236661771e-14
2.642699653614926258e-14
2.375723154071950210e-14
2.135629373496261025e-14
1.919790751135943063e-14
1.725772216845710987e-14
1.551425726701623172e-14
1.394696735605730158e-14
1.253893297530118538e-14
1.127369909335878230e-14
1.013755562289035618e-14
9.117071007253816107e-15
8.201798714519529583e-15
7.380490257349147412e-15
6.644520561687042982e-15
5.984914060874769156e-15
5.394329820586001642e-15
4.864952593230514608e-15
4.390931676012679907e-15
3.965953607515547882e-15
3.585260256200838936e-15
3.243931956164862661e-15
2.937717176728152116e-15
2.663449781470172815e-15
2.417576409296922577e-15
2.197130798233304708e-15
1.999440570394712372e-15
1.822223776519597323e-15
1.663103012798252921e-15
1.520290421849149937e-15
1.392245317346036782e-15
1.277496599716594001e-15
1.174676560447966318e-15
1.082587440559679234e-15
1.000176816955713186e-15
9.265216846893343564e-16
8.607220662872643439e-16
8.019405419242993417e-16
7.496477844472737281e-16
7.032657666051167412e-16
6.622453177229529158e-16
6.261449010630626049e-16
5.943385809558591787e-16
5.664939322217405994e-16
5.422833913648626728e-16
5.214058315229849094e-16
5.034541054313801814e-16
4.882640214785260383e-16
4.756743262583716942e-16
4.654050884325243093e-16
4.572310128555361111e-16
4.508650709639084182e-16
4.460371812312557388e-16
4.426350862491396262e-16
4.405842375077168627e-16
4.397184026096512869e-16
4.399282682303766291e-16
4.410561697357666137e-16
4.430980349804425117e-16
4.459156736761906693e-16
4.493306118179087900e-16
4.531564267529306813e-16
4.573567791151265270e-16
4.620007916033225842e-16
4.670963980303352072e-16
4.725046083655650508e-16
4.780957579969585005e-16
4.837935420099019907e-16
4.895795211378884165e-16
4.953413925891267124e-16
5.008727801531154209e-16
5.061487469840735092e-16
5.111979567202119585e-16
5.159575740872805856e-16
5.203638077188058007e-16
5.242862502422266143e-16
