# bin_4_3
1.732395645772269087e-08
1.739555214685202628e-08
1.746968444845874391e-08
1.754643342081319061e-08
1.762588453107655329e-08
1.770812572518625752e-08
1.779324370872393561e-08
1.788132426682587414e-08
1.797245039982453021e-08
1.806670328457025788e-08
1.816416978572858763e-08
1.826494262054388086e-08
1.836912428469772991e-08
1.847682335363295050e-08
1.858814307846648857e-08
1.870318130660902289e-08
1.882203009281206788e-08
1.894479038905203092e-08
1.907157701290056107e-08
1.920252415663972549e-08
1.933776454866616571e-08
1.947741415690042518e-08
1.962156771611996817e-08
1.977033300890598693e-08
1.992385360959537113e-08
2.008229920355254570e-08
2.024581464490012323e-08
2.041449363991817650e-08
2.058843546075346655e-08
2.076779539456404898e-08
2.095275356319105496e-08
2.114343044972601647e-08
2.133988255235474096e-08
2.154220853026359109e-08
2.175055834648264078e-08
2.196502827512319745e-08
2.218563258902540070e-08
2.241242926614224880e-08
2.264553997675650143e-08
2.288500225568482623e-08
2.313078931795575958e-08
2.338298947160790887e-08
2.364173846483638861e-08
2.390703210314637559e-08
2.417891228758594914e-08
2.445756813594725044e-08
2.474303802583504833e-08
2.503527853773771326e-08
2.533443255008018538e-08
2.564049848371521427e-08
2.595331237922727915e-08
2.627292059169718874e-08
2.659922240962503414e-08
2.693199902126731538e-08
2.727133335969691858e-08
2.761715894728291876e-08
2.796942317905459550e-08
2.832832616151201604e-08
2.869379893352118575e-08
2.906598891787050767e-08
2.944499089547623397e-08
2.983067846906886742e-08
3.022325936436138522e-08
3.062263299098798084e-08
3.102885894147724050e-08
3.144202406315484830e-08
3.186195031945252198e-08
3.228859211020402343e-08
3.272152168776789945e-08
3.316047215838804611e-08
3.360492463819615131e-08
3.405440931195152389e-08
3.450834967162042018e-08
3.496593611791783524e-08
3.542658282411155009e-08
3.588939868374597805e-08
3.635400352993769324e-08
3.681984979906626852e-08
3.728695485788506740e-08
3.775517784398570298e-08
3.822468037165102870e-08
3.869552052488230641e-08
3.916770762008952692e-08
3.964088694923600963e-08
4.011462151302982411e-08
4.058801022199536693e-08
4.106003022439735280e-08
4.152937100762757468e-08
4.199474514358596923e-08
4.245517493980482757e-08
4.290980831159997248e-08
4.335810751591710869e-08
4.379943659636034329e-08
4.423314103604136941e-08
4.465851811741449114e-08
4.507472848905731976e-08
4.548112604681460032e-08
4.587708978784777047e-08
4.626230136893451846e-08
4.663614171492101676e-08
4.699782505527421577e-08
4.734572463212993910e-08
4.767791802884395224e-08
4.799246403100727510e-08
4.828811478650911985e-08
4.856435195284272809e-08
4.882123174095047649e-08
4.905852484132758800e-08
4.927582656280298981e-08
4.947216754260556536e-08
4.964628225352489929e-08
4.979636956125769572e-08
4.992070393800993917e-08
5.001800362840923965e-08
5.008780526050663626e-08
5.012998699711401189e-08
5.014437040612811248e-08
5.013047468790367833e-08
5.008743749437640527e-08
5.001425156397680827e-08
4.990969267985129762e-08
4.977282371320441328e-08
4.960302997597164117e-08
4.940050122755439199e-08
4.916552137391988331e-08
4.889820500259045308e-08
4.859791642580387534e-08
4.826381735543252036e-08
4.789547577454869400e-08
4.749319753897018821e-08
4.705778508125357226e-08
4.658988364291792685e-08
4.608976272692963237e-08
4.555738230717204966e-08
4.499302852318561658e-08
4.439743434830413326e-08
4.377198578709560715e-08
4.311782280656145384e-08
4.243588697305168384e-08
4.172686234417189582e-08
4.099194723301556132e-08
4.023282752106596412e-08
3.945133894122736087e-08
3.864898483141979314e-08
3.782712471092549108e-08
3.698750800663660446e-08
3.613231033855524589e-08
3.526366702417719266e-08
3.438334857440359692e-08
3.349336361505685533e-08
3.259581826505121165e-08
3.169313098715359065e-08
3.078730171342128491e-08
2.988042234914519654e-08
2.897461080456749751e-08
2.807209629404317208e-08
2.717494864956913600e-08
2.628495093791083165e-08
2.540411960500470619e-08
2.453429532641087742e-08
2.367709459692755796e-08
2.283400890181647775e-08
2.200650736275880509e-08
2.119581038503728785e-08
2.040293905429425725e-08
1.962880420102816935e-08
1.887412569283359122e-08
1.813937112560710170e-08
1.742488682781343111e-08
1.673082879414891585e-08
1.605718948630439241e-08
1.540382269788083430e-08
1.477044048226880690e-08
1.415664035585950359e-08
1.356192655620746923e-08
1.298574865714990575e-08
1.242751610333215824e-08
1.188662097250649087e-08
1.136247207056117739e-08
1.085451719941313376e-08
1.036225709755400838e-08
9.885265607116578059e-09
9.423207732320027163e-09
8.975850446155080792e-09
8.543070101686273832e-09
8.124849488723028476e-09
7.721256857306094370e-09
7.332428849810078634e-09
6.958553157156482416e-09
6.599838830097353150e-09
6.256478245505040322e-09
5.928600229531810780e-09
5.616241158259826472e-09
5.319324385161837662e-09
5.037630843916264404e-09
4.770780794134583652e-09
4.518244664295212650e-09
4.279360816059534413e-09
4.053372654926586451e-09
3.839460116315885216e-09
3.636787098857334891e-09
3.444550524052942122e-09
3.262025983929888391e-09
3.088599310279595621e-09
2.923778097021635933e-09
2.767190764852177273e-09
2.618564835455630348e-09
2.477694229781465061e-09
2.344393353250840735e-09
2.218457679163378582e-09
2.099640634459507403e-09
1.987630966215234352e-09
1.882043076247466527e-09
1.782452862535877992e-09
1.688450057149056418e-09
1.599655025312645425e-09
1.515725624087412522e-09
1.436382808824067906e-09
1.361389999032317167e-09
1.290552351802819651e-09
1.223680376900371329e-09
1.160550210207678989e-09
1.100947064842222188e-09
1.044656514189173653e-09
9.914612127189633734e-10
9.411630779084551623e-10
8.935966151200130625e-10
8.486082670524227187e-10
8.060383264430009900e-10
7.657535204612673763e-10
7.276107178896051437e-10
6.914728843097326899e-10
6.572248109059776867e-10
6.247468942233227563e-10
5.939349153694389318e-10
5.646906383701875292e-10
5.369159952854035620e-10
5.105262830407571533e-10
4.854369465402595891e-10
4.615716803040894576e-10
4.388611762703802465e-10
4.172372900019585807e-10
3.966394751493312008e-10
3.770093539631761429e-10
3.582947316917113648e-10
3.404459441334909072e-10
3.234171593293246170e-10
3.071658927078430243e-10
2.916530344598759236e-10
2.768418444334370078e-10
2.626983929712422173e-10
2.491912948844786688e-10
2.362911863316269103e-10
2.239706350204098687e-10
2.122043082255614839e-10
2.009683779493487447e-10
1.902403888693899572e-10
1.799994879292522379e-10
1.702259884667641908e-10
1.609011381194119023e-10
1.520073320533672486e-10
1.435279258616600388e-10
1.354468759454818323e-10
1.277489374558276462e-10
1.204196350652217554e-10
1.134448986853985031e-10
1.068112032349285808e-10
1.005056169337306000e-10
9.451554754969288061e-11
8.882872195187663925e-11
8.343337467512878837e-11
7.831802136855763297e-11
7.347137911490344617e-11
6.888260613429378458e-11
6.454112405866068306e-11
6.043648913597494371e-11
5.655865589701071074e-11
5.289783482674971252e-11
4.944438341409900570e-11
4.618897876287654393e-11
4.312258982084350166e-11
4.023634480479679909e-11
3.752166890587254349e-11
3.497027840927342712e-11
3.257407209183217181e-11
3.032525839935279242e-11
2.821629993664261195e-11
2.623988517554478610e-11
2.438900593957575903e-11
2.265687110963130573e-11
2.103698220643128923e-11
1.952307518741363485e-11
1.810915366402465374e-11
1.678947329890054190e-11
1.555853546109484296e-11
1.441109740159790652e-11
1.334215292725284147e-11
1.234693160189447695e-11
1.142089689566070599e-11
1.055973652688982417e-11
9.759356273455281806e-12
9.015881269471160004e-12
8.325638133826896200e-12
7.685154424371557561e-12
7.091155695930477161e-12
6.540548369427625007e-12
6.030415023142145500e-12
5.558010023635597565e-12
5.120751722057445680e-12
4.716212597046018925e-12
4.342116223093535210e-12
3.996324256473732073e-12
3.676835472115167350e-12
3.381775825217348338e-12
3.109391939642479221e-12
2.858043706083656449e-12
2.626199189455512516e-12
2.412428733594347719e-12
2.215400641994224937e-12
2.033874857131656063e-12
1.866692468867677355e-12
1.712775463529055196e-12
1.571121361990272619e-12
1.440797920397566560e-12
1.320939796613563274e-12
1.210743827700202403e-12
1.109464779668138180e-12
1.016408488586731595e-12
9.309327582687150274e-13
8.524425226485517959e-13
7.803874890650856304e-13
7.142609210170522015e-13
6.535898194654998615e-13
5.979384434470797197e-13
5.469050767882628270e-13
5.001198998494705328e-13
4.572410217538840397e-13
4.179531664483894970e-13
3.819665197812141688e-13
3.490150129916649781e-13
3.188518146268160400e-13
2.912503896556812121e-13
2.660023068446444065e-13
2.429135269235619019e-13
2.218032614389244153e-13
2.025059670757439632e-13
1.848673915915414688e-13
1.687453734386416071e-13
1.540122655414509841e-13
1.405480001291067160e-13
1.282465037024226906e-13
1.170109472587904124e-13
1.067528159174394180e-13
9.739161188993238571e-14
8.885184121950778981e-14
8.106321225919553510e-14
7.395877904165803426e-14
6.747746884286836268e-14
6.156472768857309975e-14
5.617060044762696083e-14
5.125210828453119969e-14
4.676840940469236705e-14
4.268133291295017171e-14
3.895589442841918075e-14
3.555992152986494890e-14
3.246438940129980914e-14
2.964301752802226722e-14
2.707172216396197900e-14
2.472862843103465571e-14
2.259359413660147483e-14
2.064827633199606284e-14
1.887600517595595240e-14
1.726158017613420913e-14
1.579113194676351623e-14
1.445203380105748775e-14
1.323291588735754594e-14
1.212308686491234662e-14
1.111292573466270407e-14
1.019365880409605088e-14
9.357633306906541085e-15
8.597320186300478033e-15
7.906116962966833020e-15
7.278098247562292001e-15
6.707598336082447992e-15
6.189637735908235033e-15
5.719780696340636667e-15
5.293663845884405584e-15
4.907491233889664244e-15
4.557785600207701807e-15
4.241354298727500501e-15
3.955252505978133161e-15
3.696781214761312649e-15
3.463490674821050529e-15
3.253149838049311505e-15
3.063851087487687538e-15
2.893642383437704941e-15
2.740919009684497207e-15
2.604063420666793487e-15
2.481720748988825753e-15
2.372650272006404169e-15
