# bin_4_4
1.811633291541420314e-08
1.819250221858982844e-08
1.827138782900553138e-08
1.835307362116905331e-08
1.843764203801418794e-08
1.852517650657361141e-08
1.861576175671665568e-08
1.870948614924738899e-08
1.880644700260810378e-08
1.890674704394463898e-08
1.901049183209658052e-08
1.911778526664145587e-08
1.922872369977955233e-08
1.934340186600060436e-08
1.946191694639726282e-08
1.958437914186905227e-08
1.971091616113055144e-08
1.984166114894544426e-08
1.997674002783290772e-08
2.011626620380513844e-08
2.026035177386124194e-08
2.040912675029225037e-08
2.056274721105301470e-08
2.072137718610307639e-08
2.088515916797497718e-08
2.105421612326330216e-08
2.122868357087138341e-08
2.140873182370887293e-08
2.159453309764084867e-08
2.178621589572308746e-08
2.198388539281200898e-08
2.218768704269120108e-08
2.239780217326532037e-08
2.261436828465230875e-08
2.283744079787092264e-08
2.306709913517574389e-08
2.330350384379072862e-08
2.354677263848288657e-08
2.379690595171413022e-08
2.405394803254035372e-08
2.431806571944789884e-08
2.458934990695746251e-08
2.486781714724435881e-08
2.515362705466797791e-08
2.544696075271851524e-08
2.574782933590102844e-08
2.605632771870428950e-08
2.637264569338691123e-08
2.669674239545966654e-08
2.702859569162520843e-08
2.736831719686751250e-08
2.771573641550645698e-08
2.807071941835016172e-08
2.843331958799125974e-08
2.880331472348770346e-08
2.918066623280316854e-08
2.956549618170946143e-08
2.995761563980050245e-08
3.035715603605200712e-08
3.076417172378382509e-08
3.117847419085651618e-08
3.160021591278539264e-08
3.202921497866635772e-08
3.246558727861597510e-08
3.290947867343095787e-08
3.336090197063807796e-08
3.382019468565211746e-08
3.428717835543785988e-08
3.476193873729116400e-08
3.524429202021822141e-08
3.573392337642529923e-08
3.623064045907236874e-08
3.673386227838361069e-08
3.724322631532178944e-08
3.775788992546569748e-08
3.827722662784245804e-08
3.880021729556956254e-08
3.932619245099525399e-08
3.985425187164879474e-08
4.038385854776712180e-08
4.091459238958542075e-08
4.144642071669385418e-08
4.197949235674476008e-08
4.251380119266292340e-08
4.304959870503755092e-08
4.358662752548144817e-08
4.412457150783310306e-08
4.466257984012049247e-08
4.519961693685518412e-08
4.573428893584987429e-08
4.626521207868361597e-08
4.679100074546094364e-08
4.731078290664375375e-08
4.782367105918660881e-08
4.832914794453401585e-08
4.882634329424766212e-08
4.931445251061301285e-08
4.979245375074693582e-08
5.025948913682560673e-08
5.071491811232498107e-08
5.115830032192298152e-08
5.158935743195722071e-08
5.200730578628153905e-08
5.241087164567874385e-08
5.279787687505941546e-08
5.316606431237679255e-08
5.351352441108056660e-08
5.383928592394470163e-08
5.414302458006400928e-08
5.442478201640253094e-08
5.468416494462692655e-08
5.492061296061776391e-08
5.513292657367335029e-08
5.531942015317751307e-08
5.547794479686553255e-08
5.560672907933174186e-08
5.570472743237587297e-08
5.577168914195346566e-08
5.580742965264660757e-08
5.581167117369779875e-08
5.578370552312502734e-08
5.572257894717540257e-08
5.562707213995038562e-08
5.549588020024668606e-08
5.532800944521192265e-08
5.512304435191009908e-08
5.488143955347385140e-08
5.460356794973395973e-08
5.428930142264521151e-08
5.393772981518854437e-08
5.354797314840679522e-08
5.311993609170135651e-08
5.265423180824767294e-08
5.215177633080379165e-08
5.161320032123173745e-08
5.103868857861312081e-08
5.042827569684336978e-08
4.978245157129709120e-08
4.910232352191265047e-08
4.838951511647320377e-08
4.764520550746100879e-08
4.687041818129160293e-08
4.606594226444170593e-08
4.523342376759422497e-08
4.437486237580811810e-08
4.349231989696226623e-08
4.258729323604411422e-08
4.166147458155644723e-08
4.071696666723588636e-08
3.975626592607287105e-08
3.878162313267166890e-08
3.779506458120505295e-08
3.679882595668188304e-08
3.579542416022256862e-08
3.478748388132472295e-08
3.377715044065291644e-08
3.276681567946451404e-08
3.175884718446876844e-08
3.075571117128201778e-08
2.975959449337733848e-08
2.877251183492249891e-08
2.779667969340124888e-08
2.683400990849906783e-08
2.588624652911276243e-08
2.495498455649604621e-08
2.404178184834366538e-08
2.314784794201512651e-08
2.227423050249594850e-08
2.142182755788858854e-08
2.059130639888763790e-08
1.978312022547555926e-08
1.899758029559758530e-08
1.823476189646908298e-08
1.749459028347196414e-08
1.677684662285944660e-08
1.608116037468936353e-08
1.540707574595364130e-08
1.475403535365185002e-08
1.412141910489005598e-08
1.350856989385647395e-08
1.291482511383992511e-08
1.233953721618827832e-08
1.178210005057846446e-08
1.124198781732459658e-08
1.071877242845558231e-08
1.021213520360859111e-08
9.721865898404922384e-09
9.247860286107769251e-09
8.790118512093551965e-09
8.348740927655921173e-09
7.923900318838518980e-09
7.515788577846473365e-09
7.124603568357391322e-09
6.750522934972575567e-09
6.393651749011252693e-09
6.053985510989426459e-09
5.731377450301721290e-09
5.425524209711101002e-09
5.135969050200418940e-09
4.862093811677973016e-09
4.603139729821462293e-09
4.358242070223413165e-09
4.126481512930790564e-09
3.906936926194460391e-09
3.698728867257893620e-09
3.501071056165318847e-09
3.313297756691144036e-09
3.134880937988992703e-09
2.965419297566644810e-09
2.804621708353972771e-09
2.652280250966011653e-09
2.508213369246576896e-09
2.372203038910045649e-09
2.243970877084155510e-09
2.123180588092646045e-09
2.009422667307467113e-09
1.902219763669751466e-09
1.801089156521153394e-09
1.705574207512639642e-09
1.615300098433219238e-09
1.529969742754956588e-09
1.449321970260877465e-09
1.373158852512023740e-09
1.301293796321067213e-09
1.233506583222692439e-09
1.169552146882070917e-09
1.109187044350014856e-09
1.052171174134468047e-09
9.982700788457904838e-10
9.473082957693402807e-10
8.991169596666272872e-10
8.535369166123908463e-10
8.104281893167848629e-10
7.696310003823499351e-10
7.310008370537022659e-10
6.944042681046514880e-10
6.597120484998255737e-10
6.268183443190332618e-10
5.956126842079699536e-10
5.659925426031164702e-10
5.378659063258107542e-10
5.111395535478681368e-10
4.857348263975825712e-10
4.615722764767729310e-10
4.385828288600264069e-10
4.166980390759277147e-10
3.958566468262331867e-10
3.760010605617899091e-10
3.570782046219471699e-10
3.390379579508928432e-10
3.218346965419243652e-10
3.054255940221369833e-10
2.897708201482340807e-10
2.748335482255961692e-10
2.605795771704820807e-10
2.469767440639768796e-10
2.339952439403848743e-10
2.216073736064893938e-10
2.097869645076558497e-10
1.985095177258090279e-10
1.877522223450164917e-10
1.774934026819989235e-10
1.677125438182305792e-10
1.583904115699799874e-10
1.495086756996379443e-10
1.410497478790054259e-10
1.329970278470744896e-10
1.253346358695107939e-10
1.180471613584186048e-10
1.111199263320736174e-10
1.045388407885034155e-10
9.829016749344204787e-11
9.236065091276289518e-11
8.673758286988121624e-11
8.140851391154381422e-11
7.636132551341521634e-11
7.158442426548147969e-11
6.706640337833322424e-11
6.279612745936897505e-11
5.876292754672734160e-11
5.495634758301872036e-11
5.136615044428432278e-11
4.798252046858246833e-11
4.479587130262850310e-11
4.179685366159504145e-11
3.897647898457183491e-11
3.632601400797599708e-11
3.383697250172671044e-11
3.150120422877087157e-11
2.931080351559410127e-11
2.725814071408517736e-11
2.533590105485565411e-11
2.353699534329491527e-11
2.185466352088825694e-11
2.028238181051830112e-11
1.881392092115536306e-11
1.744330458612284124e-11
1.616482685503979993e-11
1.497303300045473343e-11
1.386272626939962103e-11
1.282895236452168266e-11
1.186700094828488701e-11
1.097240550395426697e-11
1.014091271083743463e-11
9.368506343932301784e-12
8.651378521418083981e-12
7.985923641942248316e-12
7.368742243020465318e-12
6.796627369146172041e-12
6.266550341364230761e-12
5.775661118178924369e-12
5.321280804964877157e-12
4.900894824273086047e-12
4.512138444128290846e-12
4.152792927012480944e-12
3.820778526049906827e-12
3.514147939997425025e-12
3.231079275089963148e-12
2.969871314221419902e-12
2.728934046938139345e-12
2.506782945668987360e-12
2.302032874583487178e-12
2.113392977045521775e-12
1.939658045582517389e-12
1.779708803413286492e-12
1.632503662821701824e-12
1.497074064559042703e-12
1.372519342240238182e-12
1.258004351612925836e-12
1.152752157360244750e-12
1.056042468524084598e-12
9.672089439045729869e-13
8.856343150683273406e-13
8.107473990450620560e-13
7.420199859788517046e-13
6.789620189055831826e-13
6.211230066536504080e-13
5.680867695830143042e-13
5.194713222100043743e-13
4.749211611369411758e-13
4.341091060302854450e-13
3.967341655728873673e-13
3.625208450626924016e-13
3.312088820456614868e-13
3.025582301449398787e-13
2.763495467634715973e-13
2.523774864676939886e-13
2.304522124472621442e-13
2.104026556378745688e-13
1.920700277166733519e-13
1.753102296090620517e-13
1.599939879092913173e-13
1.460017493676199263e-13
1.332262340377535074e-13
1.215643784678712026e-13
1.109229115059613953e-13
1.012118804911050735e-13
9.234840511010580579e-14
8.425771654074382309e-14
7.687452316480594699e-14
7.013785619727294497e-14
6.399542475920957597e-14
5.839575452167230615e-14
5.329039467320468047e-14
4.863496144767738986e-14
4.438997728961710273e-14
4.052017411890755458e-14
3.699321035357256782e-14
3.377825632726032297e-14
3.084791677945104938e-14
2.817723107661735767e-14
2.574341692684965349e-14
2.352568392370521596e-14
2.150507069982253673e-14
1.966428548673640189e-14
1.798755411599070855e-14
1.646047593425212549e-14
1.506990890863815606e-14
1.380386760272152875e-14
1.265141861257404548e-14
1.160258858714686535e-14
1.064856008524781632e-14
9.780871353358945742e-15
8.991789306664894339e-15
8.274911930409650579e-15
7.623377008940993068e-15
7.031973141981663542e-15
6.495032910145511331e-15
6.007892423808973315e-15
5.566343202847279702e-15
5.166223257413316381e-15
4.803912013566515912e-15
4.476089203617752273e-15
4.179722128332865160e-15
3.912037714589270871e-15
3.670518660861244986e-15
3.452973698767282072e-15
3.257169855444153202e-15
3.081331456712312577e-15
2.923655054743056530e-15
