# bin_4_1
1.051582239057511002e-08
1.055486151341410484e-08
1.059524705017675534e-08
1.063701749828534079e-08
1.068020946852419542e-08
1.072485928428342599e-08
1.077100382516779452e-08
1.081868054999134840e-08
1.086793043783004264e-08
1.091879769859273258e-08
1.097132603242771750e-08
1.102555876369358765e-08
1.108153452262453300e-08
1.113928860226256466e-08
1.119885662432558072e-08
1.126027739545202897e-08
1.132359895143722273e-08
1.138887020282961804e-08
1.145613709942548254e-08
1.152543412390044086e-08
1.159679113702503018e-08
1.167024211529106628e-08
1.174583646614428559e-08
1.182362663145804492e-08
1.190365208905930575e-08
1.198593458821600609e-08
1.207049780227508393e-08
1.215738513079629778e-08
1.224664041731681430e-08
1.233828010514490226e-08
1.243229848248139752e-08
1.252870762586420430e-08
1.262754238408781643e-08
1.272881517396782377e-08
1.283249587366224135e-08
1.293856568884349888e-08
1.304704099193197227e-08
1.315791770097741117e-08
1.327114722263258217e-08
1.338670385892619211e-08
1.350460480202301304e-08
1.362483385831675220e-08
1.374735665744683341e-08
1.387219561851731604e-08
1.399937476649171792e-08
1.412886145791533926e-08
1.426066060477452996e-08
1.439479658633848406e-08
1.453121036177180212e-08
1.466986072218819045e-08
1.481075745679992659e-08
1.495378436637172678e-08
1.509882409719602672e-08
1.524584189354261511e-08
1.539463661553521937e-08
1.554504975688433940e-08
1.569699250568481609e-08
1.585019658591791127e-08
1.600447712039209367e-08
1.615960604935971069e-08
1.631524526234072454e-08
1.647114339629081139e-08
1.662693534523549823e-08
1.678240207633057266e-08
1.693730662778069529e-08
1.709145141785539723e-08
1.724482786431969626e-08
1.739726730255754423e-08
1.754875821021830060e-08
1.769917642295197089e-08
1.784836135452939350e-08
1.799614709705096551e-08
1.814217131882351188e-08
1.828609445550992973e-08
1.842729231120674124e-08
1.856518065572167446e-08
1.869902220188347505e-08
1.882833856865805743e-08
1.895260945746981791e-08
1.907157775752878341e-08
1.918502323432008114e-08
1.929285087163299553e-08
1.939499256997314880e-08
1.949113105672289575e-08
1.958095913531219838e-08
1.966397291236542327e-08
1.973964590030342774e-08
1.980754850668827250e-08
1.986710740757672921e-08
1.991776977496324413e-08
1.995885322121886001e-08
1.998976561307237236e-08
2.001018494888828620e-08
2.002003399017929903e-08
2.001947665982580324e-08
2.000850952513910558e-08
1.998690884375661987e-08
1.995398580676141070e-08
1.990894824016572978e-08
1.985116235762542223e-08
1.978024041606581583e-08
1.969619934089896814e-08
1.959928885061990827e-08
1.948978621275692085e-08
1.936769787820011795e-08
1.923265839541477362e-08
1.908420862176598828e-08
1.892199832152410320e-08
1.874613297601551494e-08
1.855687698406689916e-08
1.835464589223137035e-08
1.813977331666838203e-08
1.791249691774750391e-08
1.767282976065019853e-08
1.742066360675226832e-08
1.715629098803252462e-08
1.688039745442528533e-08
1.659384733526592777e-08
1.629716288789175097e-08
1.599060582611919478e-08
1.567447201241631866e-08
1.534945102149168971e-08
1.501651861928230813e-08
1.467658542307905860e-08
1.433034997297691830e-08
1.397839740390229778e-08
1.362152814369265398e-08
1.326068588387636676e-08
1.289706736869628733e-08
1.253148478257281711e-08
1.216474534488657704e-08
1.179769581298455828e-08
1.143150722945537500e-08
1.106712078412014682e-08
1.070542010343356599e-08
1.034716941322146566e-08
9.993305603908155777e-09
9.644703453388041071e-09
9.302095941972239777e-09
8.966105854496704862e-09
8.637362659549752669e-09
8.316503181814447221e-09
8.003936657440971585e-09
7.700008595747188746e-09
7.405033172794041859e-09
7.119232232453861727e-09
6.842680012780245891e-09
6.575397555361081115e-09
6.317353168007873803e-09
6.068407511752234898e-09
5.828352826399778722e-09
5.596945080004818943e-09
5.373875649159390850e-09
5.158782433167759825e-09
4.951302539460459655e-09
4.751031120250442483e-09
4.557558666332285090e-09
4.370498728960192696e-09
4.189467235724040079e-09
4.014118036781204641e-09
3.844141003143013184e-09
3.679285988364906854e-09
3.519360633380809843e-09
3.364240743345118340e-09
3.213869998068546698e-09
3.068257109686882008e-09
2.927465423886492280e-09
2.791603351576294390e-09
2.660806193918110359e-09
2.535211583921666989e-09
2.414942964526601031e-09
2.300091530415612822e-09
2.190699359992081334e-09
2.086755621585572336e-09
1.988193326594089704e-09
1.894884710043272783e-09
1.806648098984224664e-09
1.723246653070706385e-09
1.644394397592992617e-09
1.569767831910387376e-09
1.499020500458265518e-09
1.431805425287062103e-09
1.367797150513376715e-09
1.306708973346944493e-09
1.248303066984856509e-09
1.192384811821983891e-09
1.138791635987995998e-09
1.087379762438845864e-09
1.038014280930527996e-09
9.905752340028431566e-10
9.449719920689543519e-10
9.011654826712822097e-10
8.591692054910132913e-10
8.190335091493261509e-10
7.808049970293087057e-10
7.444895240202160769e-10
7.100241219390089061e-10
6.772781365891181061e-10
6.460769295999626136e-10
6.162418639809183128e-10
5.876285950672799896e-10
5.601449357364699731e-10
5.337547781230972421e-10
5.084553112904137641e-10
4.842570902734385138e-10
4.611485298898651631e-10
4.390931517274558688e-10
4.180266264277988463e-10
3.978823783692245158e-10
3.786054981215130104e-10
3.601574281713392082e-10
3.425054757739969772e-10
3.256127629620455407e-10
3.094444222722831455e-10
2.939735818994826989e-10
2.791754092597882125e-10
2.650243479910845785e-10
2.514863991825448262e-10
2.385333483193846673e-10
2.261403942374526785e-10
2.142842657324777984e-10
2.029473270139129412e-10
1.921068049228857321e-10
1.817435225754982852e-10
1.718384854563123196e-10
1.623745473429166912e-10
1.533351263545844901e-10
1.447039647390872110e-10
1.364666893492031004e-10
1.286083339632710000e-10
1.211150229704316991e-10
1.139739841184497895e-10
1.071723691968048735e-10
1.006980720797907309e-10
9.453934464091338097e-11
8.868482932299867476e-11
8.312356683680415772e-11
7.784491475513087337e-11
7.283860051819940219e-11
6.809445817829987548e-11
6.360275107165268238e-11
5.935389010890448348e-11
5.533852577585389522e-11
5.154741954472646251e-11
4.797169881649440325e-11
4.460251645260706330e-11
4.143117733597350043e-11
3.844932413161669239e-11
3.564860295434179740e-11
3.302085006700188710e-11
3.055814295310157002e-11
2.825269952405500380e-11
2.609682235249084602e-11
2.408314143005817625e-11
2.220438178486505793e-11
2.045344398902440099e-11
1.882348833820565983e-11
1.730784740045767092e-11
1.590005918874672470e-11
1.459385645050626982e-11
1.338327832129487037e-11
1.226247878140023746e-11
1.122590036232073068e-11
1.026823604659700806e-11
9.384366549905973995e-12
8.569412572717744275e-12
7.818774821108410641e-12
7.128034350810069079e-12
6.493004381758957410e-12
5.909765535222361838e-12
5.374562048564838450e-12
4.883890687204411468e-12
4.434448590237559836e-12
4.023120773224746379e-12
3.647010058500806166e-12
3.303383403593730953e-12
2.989702613651048850e-12
2.703595167651317293e-12
2.442844787246026932e-12
2.205403096573408398e-12
1.989354238464668918e-12
1.792931180718819982e-12
1.614493318995064593e-12
1.452517033635301976e-12
1.305606719553589255e-12
1.172463639552181294e-12
1.051897441789447380e-12
9.428101143399503458e-13
8.441849433697800195e-13
7.550939838294370704e-13
6.746831650466803085e-13
6.021659326155111303e-13
5.368237279950429384e-13
4.779975187218028188e-13
4.250847875518797130e-13
3.775335515576591337e-13
3.348408531454718646e-13
2.965458984992165783e-13
2.622301925655113358e-13
2.315101106842018913e-13
2.040384590634020389e-13
1.794971740211727580e-13
1.575970027305685797e-13
1.380774703633450334e-13
1.207000618327364284e-13
1.052502166984667400e-13
9.153336943982436949e-14
7.937190305074305339e-14
6.860411595847690813e-14
5.908531531168735758e-14
5.068532365040721388e-14
4.328576062376761290e-14
3.677959232045988670e-14
3.107198950989911765e-14
2.607609790566927494e-14
2.171269753007799155e-14
1.791308470984842306e-14
1.461451714501536109e-14
1.176117369465170163e-14
9.299985090231101511e-15
7.187424373442884370e-15
5.382121327227395049e-15
3.846773200727337844e-15
2.549575834003703649e-15
1.459750676307147038e-15
5.516498869379134530e-16
-1.979158881474543293e-16
-8.106801923503875554e-16
-1.305123108018918055e-15
-1.697735148599635951e-15
-2.002622944454873499e-15
-2.233664733191823153e-15
-2.401069494547021747e-15
-2.515132760220271466e-15
-2.583643937051801569e-15
-2.614477533663718818e-15
-2.612660392305347059e-15
-2.584604611164271714e-15
-2.534164421308562999e-15
-2.465900886298223199e-15
-2.383048926514502632e-15
-2.289709341507096283e-15
-2.188288759874222176e-15
-2.081675704256501673e-15
-1.971586517709452028e-15
-1.859963083758734653e-15
-1.748431236659063101e-15
-1.637467911756243738e-15
-1.528181711664615236e-15
-1.421321513054644467e-15
-1.317542558821464724e-15
-1.217370207472178514e-15
-1.121568660998287545e-15
-1.030269535832797066e-15
-9.433214131734565254e-16
-8.606893389731921298e-16
-7.823639066692970672e-16
-7.082548061905882658e-16
-6.382121048154214247e-16
-5.720368324688920599e-16
-5.096317016971378483e-16
-4.509296796832727126e-16
-3.955957403188866541e-16
-3.433646521677526153e-16
-2.939999471854176088e-16
-2.473100148687709834e-16
-2.033192486428564737e-16
-1.617527702781336293e-16
-1.223963155192517409e-16
-8.502599515874646562e-17
-4.962856975143152220e-17
-1.592044342148519179e-17
1.637646985931767530e-17
4.734721706593273527e-17
7.711444858645056891e-17
1.056152489635568581e-16
1.328076011927128920e-16
1.588121335680858121e-16
1.837686843864110618e-16
2.077269300911535537e-16
2.307451591413717790e-16
2.528381724344576062e-16
2.741967744015678368e-16
2.948251447993958636e-16
3.146344131840733469e-16
3.334748070788064506e-16
3.514093824200915335e-16
3.686525911618879956e-16
3.853647150204622171e-16
4.014802359930264645e-16
4.169520211091310687e-16
4.318152423571434062e-16
4.461345200048081944e-16
4.598586941457740607e-16
4.727323912010823955e-16
4.847653461012432528e-16
4.960669887742143246e-16
5.066083718521370948e-16
5.163853283891304004e-16
5.252277732999740462e-16
