# bin_3_1
1.030899557423773622e-08
1.034703408616663102e-08
1.038638254238715061e-08
1.042707823115523146e-08
1.046915654536547453e-08
1.051265256305157052e-08
1.055760188693392598e-08
1.060404066488848084e-08
1.065200849749981790e-08
1.070154816377301003e-08
1.075270190643179050e-08
1.080551156587421295e-08
1.086001431104704561e-08
1.091624396804202920e-08
1.097423466319445627e-08
1.103402364171885153e-08
1.109565726757230861e-08
1.115918274117472606e-08
1.122464430365200773e-08
1.129207481507185130e-08
1.136150252616044019e-08
1.143295973180525264e-08
1.150649398032516592e-08
1.158215580173840686e-08
1.165998287511790196e-08
1.173999529037432063e-08
1.182221501571054273e-08
1.190668351061909030e-08
1.199344265071499167e-08
1.208250715876891086e-08
1.217386978547644242e-08
1.226754087736948687e-08
1.236355330519746095e-08
1.246191770810755908e-08
1.256260258348051043e-08
1.266558763678849208e-08
1.277088737009536400e-08
1.287849603139450082e-08
1.298836384423790741e-08
1.310046371454253042e-08
1.321481101150488508e-08
1.333138814596997693e-08
1.345015966263395808e-08
1.357114633688076897e-08
1.369437058211354680e-08
1.381979887905871288e-08
1.394743493662258658e-08
1.407730170172145167e-08
1.420933966934313882e-08
1.434350703139897462e-08
1.447981248180660190e-08
1.461814008197100853e-08
1.475837272133507602e-08
1.490047521464586837e-08
1.504424777611706745e-08
1.518953281860197080e-08
1.533624202811279210e-08
1.548410958222742905e-08
1.563295211487129596e-08
1.578254377406025121e-08
1.593254992290941715e-08
1.608272172518902421e-08
1.623269832985672550e-08
1.638226379300860868e-08
1.653118487368814768e-08
1.667926815220385924e-08
1.682650764690051631e-08
1.697273960056429159e-08
1.711795593665900262e-08
1.726203763383187704e-08
1.740482974953297433e-08
1.754617232049929656e-08
1.768571110633458146e-08
1.782311424750565113e-08
1.795776831974121621e-08
1.808909932761917116e-08
1.821638253622773842e-08
1.833915024173796988e-08
1.845689434877891896e-08
1.856936837222252463e-08
1.867636340704652464e-08
1.877779527630393605e-08
1.887360718152412162e-08
1.896349544601897732e-08
1.904716664517677547e-08
1.912413283482697297e-08
1.919388418407645805e-08
1.925600767373689774e-08
1.930994826124799841e-08
1.935517161966993017e-08
1.939101518496359646e-08
1.941690655999424126e-08
1.943254202751841197e-08
1.943786168478876628e-08
1.943304564960614113e-08
1.941810816792883154e-08
1.939284488523954980e-08
1.935658966796573253e-08
1.930857385467532577e-08
1.924818620927446268e-08
1.917506001438963451e-08
1.908923046147798588e-08
1.899096367732188841e-08
1.888055300933378550e-08
1.875802246014429454e-08
1.862302615377853950e-08
1.847512460090998637e-08
1.831398590045039146e-08
1.813972960467040283e-08
1.795263207038305182e-08
1.775311866556232374e-08
1.754153212894858902e-08
1.731811856101935323e-08
1.708289916935904219e-08
1.683577304579954770e-08
1.657703503736044423e-08
1.630736819523217061e-08
1.602763065952692553e-08
1.573833847872962171e-08
1.543974636476406782e-08
1.513214014750502503e-08
1.481619350954813979e-08
1.449286108307823208e-08
1.416302965877914530e-08
1.382737236719211101e-08
1.348644646526461897e-08
1.314101939005550521e-08
1.279199784820292677e-08
1.244053606403204925e-08
1.208740412822518995e-08
1.173336391439533994e-08
1.137921424623543501e-08
1.102607309335518608e-08
1.067482894395564456e-08
1.032631134669685782e-08
9.981230899179581746e-09
9.640468914694864787e-09
9.304845565296907973e-09
8.975041316563412534e-09
8.651628951364054239e-09
8.335190266786330324e-09
8.026317343648623982e-09
7.725380609689895035e-09
7.432691565289610973e-09
7.148535814711306395e-09
6.873112757375430310e-09
6.606481062924795551e-09
6.348652453875963569e-09
6.099592177425154069e-09
5.859164445310220968e-09
5.627171013862353058e-09
5.403383012810092162e-09
5.187512507028570186e-09
4.979222951022227533e-09
4.778180753487272247e-09
4.584013990428796743e-09
4.396348425549682131e-09
4.214834190586295965e-09
4.039124589599858804e-09
3.868910344590932943e-09
3.703916472685592362e-09
3.543924764033250784e-09
3.388770207392634042e-09
3.238350214409139011e-09
3.092623399981366377e-09
2.951606108333966580e-09
2.815362027463080727e-09
2.683992654703579715e-09
2.557620241396338713e-09
2.436364385510710867e-09
2.320326910470894977e-09
2.209575124742462519e-09
2.104126495169744959e-09
2.003946358706692576e-09
1.908946453382901748e-09
1.818982151377619392e-09
1.733860987222770161e-09
1.653342822595379622e-09
1.577146874125981024e-09
1.504963454760634328e-09
1.436467640642773864e-09
1.371339712171734670e-09
1.309284736765722226e-09
1.250046756201843551e-09
1.193416871025011522e-09
1.139225998295690478e-09
1.087333422092221157e-09
1.037612933410766264e-09
9.899426265545503090e-10
9.442096086170302295e-10
9.003229114782299533e-10
8.582341882537873932e-10
8.179399092673293039e-10
7.794684969052885461e-10
7.428454709778800549e-10
7.080612177375283546e-10
6.750472713030504833e-10
6.436779164857241323e-10
6.137919992560888925e-10
5.852280982580480705e-10
5.578572742333790738e-10
5.315969441362074871e-10
5.064126439141188651e-10
4.822971518739129515e-10
4.592527877506982300e-10
4.372615556657665493e-10
4.162832176070488507e-10
3.962545124165054672e-10
3.771116664895103089e-10
3.588028637968431911e-10
3.412915512744411454e-10
3.245461201489014178e-10
3.085305006575644080e-10
2.932099251535190768e-10
2.785566291946273309e-10
2.645452578379636638e-10
2.511502475545398151e-10
2.383392988093644052e-10
2.260855798238168360e-10
2.143652655155513082e-10
2.031559609324153510e-10
1.924397961401927627e-10
1.821948747462356927e-10
1.724024215227326415e-10
1.630441666185375905e-10
1.541034892245109392e-10
1.455644095472234716e-10
1.374113735446920789e-10
1.296304491785120287e-10
1.222074275323639861e-10
1.151289948522248708e-10
1.083829035635779846e-10
1.019568848437727315e-10
9.583939090912126502e-11
9.001927401917522019e-11
8.448574997788726458e-11
7.922842533426564628e-11
7.423721679111843531e-11
6.950241154420836265e-11
6.501439761193628970e-11
6.076398979817662387e-11
5.674214947056111963e-11
5.294006528727933455e-11
4.934903778800283398e-11
4.596072270787847772e-11
4.276680236088851650e-11
3.975909916215386047e-11
3.692977298772520858e-11
3.427097329395905275e-11
3.177504033844282684e-11
2.943454105324035535e-11
2.724217759565322846e-11
2.519072761442615496e-11
2.327328497065598145e-11
2.148303000691965420e-11
1.981330731775957439e-11
1.825770984395322377e-11
1.680999036257333327e-11
1.546409527248056337e-11
1.421415163338944359e-11
1.305457929792444703e-11
1.197989860372969425e-11
1.098490369655211642e-11
1.006462348214695315e-11
9.214259374113274098e-12
8.429237120595773858e-12
7.705246095684431410e-12
7.038140843629537401e-12
6.423992417825207993e-12
5.859123190519053737e-12
5.340004687053409858e-12
4.863345380939233971e-12
4.426039820762159337e-12
4.025156642550575659e-12
3.657967999233390242e-12
3.321898240139108036e-12
3.014552987446912637e-12
2.733692871087569272e-12
2.477222850498511069e-12
2.243205612173743066e-12
2.029826444248820820e-12
1.835410211120416899e-12
1.658399629061881169e-12
1.497346427475265113e-12
1.350922729406110234e-12
1.217890662799408032e-12
1.097114682671452765e-12
9.875451707268796786e-13
8.882093630546273718e-13
7.982176270363182826e-13
7.167503816988328940e-13
6.430513988686955823e-13
5.764287313004480948e-13
5.162469590699662521e-13
4.619238677420447055e-13
4.129254931588845995e-13
3.687641759464938153e-13
3.289925224748021588e-13
2.932032512533822533e-13
2.610225224197425836e-13
2.321110612513162029e-13
2.061575325939843848e-13
1.828783141794521359e-13
1.620170630456703816e-13
1.433390184757698735e-13
1.266321118267557298e-13
1.117038982307614276e-13
9.837798472184288275e-14
8.649366910583221092e-14
7.590664170400737285e-14
6.648667407396024912e-14
5.811505002904457499e-14
5.068418104996984161e-14
4.409829449283936807e-14
3.826939545342939039e-14
3.311725791893474436e-14
2.857157707462822174e-14
2.456828068600284022e-14
2.104999676133694240e-14
1.796216822729676860e-14
1.525961094367433749e-14
1.289942143861787212e-14
1.084278009875415417e-14
9.056225836000302447e-15
7.507504481097298219e-15
6.169469981539338646e-15
5.017427837077845778e-15
4.028187682564791226e-15
3.181953399200735345e-15
2.460823079350665965e-15
1.849374888477870618e-15
1.332546514484952681e-15
8.988706889607039831e-16
5.369125035008417585e-16
2.377608025375617555e-16
-7.524435959268388148e-18
-2.050375667022230377e-16
-3.621222493933190705e-16
-4.835885545008121707e-16
-5.748764085047050239e-16
-6.400419918834643586e-16
-6.839197879261042208e-16
-7.096102512522733607e-16
-7.206947090611369197e-16
-7.195057706718133755e-16
-7.085993575102993031e-16
-6.901359838110703986e-16
-6.651637722525989775e-16
-6.353059283099707311e-16
-6.017757487836993143e-16
-5.656492975766780289e-16
-5.278179186939104571e-16
-4.893805142335937072e-16
-4.508224964766135491e-16
-4.123633549336356925e-16
-3.742999140480952556e-16
-3.369232768311413667e-16
-3.004235459207035353e-16
-2.649140251879024911e-16
-2.304442097826714186e-16
-1.971348421367450358e-16
-1.651189769028423731e-16
-1.342560376911756677e-16
-1.044690104129688124e-16
-7.569684671745248719e-17
-4.788857584026713492e-17
-2.120016698141490372e-17
4.506748144452408460e-18
2.932498792686828659e-17
5.335879271625308513e-17
7.652727456835891012e-17
9.900976884343258483e-17
1.209825696608089666e-16
1.424506317537663642e-16
1.634575671286219038e-16
1.838924187793439244e-16
2.036643725213536184e-16
2.228405789472165402e-16
2.415111504024241713e-16
2.596752795089908579e-16
2.773538676026447116e-16
2.945244272271950794e-16
3.113333193151210853e-16
3.277539794422085080e-16
3.436796320409845807e-16
3.589556403890461469e-16
3.736215970166738998e-16
3.878560314402092837e-16
4.017819028957695395e-16
4.153176489459958360e-16
4.283985632226121021e-16
4.410342367490201126e-16
4.532705728432982270e-16
4.650431120851833020e-16
4.761117579566319761e-16
4.864772452301310112e-16
4.962281357252271640e-16
5.053292391501380666e-16
5.137628704947524243e-16
5.213738497517833647e-16
