# bin_3_3
1.665010559970129593e-08
1.671793669605422859e-08
1.678816176740152324e-08
1.686085566940324748e-08
1.693609845416560483e-08
1.701397246132873612e-08
1.709455864117406986e-08
1.717793686222790056e-08
1.726418406539077217e-08
1.735337521782954105e-08
1.744559072787439158e-08
1.754091660315314095e-08
1.763944832831628392e-08
1.774128719435703879e-08
1.784652902460892730e-08
1.795526409092685186e-08
1.806757674912170952e-08
1.818355994073722530e-08
1.830332009440406986e-08
1.842698257758922337e-08
1.855467108030097075e-08
1.868649247959505160e-08
1.882253240194635503e-08
1.896288913038976389e-08
1.910769611050277396e-08
1.925711236644425486e-08
1.941127211659449043e-08
1.957025869487555717e-08
1.973416064941233679e-08
1.990312163416977760e-08
2.007730957082727984e-08
2.025683310639450193e-08
2.044173725606707379e-08
2.063210837609167503e-08
2.082808317655300935e-08
2.102974496700292345e-08
2.123709563611102712e-08
2.145017990304683668e-08
2.166910510899500924e-08
2.189389513749302537e-08
2.212451000843011582e-08
2.236102318640465298e-08
2.260355488046882364e-08
2.285208679070726072e-08
2.310664582760504129e-08
2.336740416768794617e-08
2.363438482536359293e-08
2.390752948435992240e-08
2.418696361124312998e-08
2.447266964974025362e-08
2.476446899185710158e-08
2.506239045105140867e-08
2.536631732885857847e-08
2.567601608627151955e-08
2.599155116185632425e-08
2.631283986841638043e-08
2.663981331446215190e-08
2.697265229807571260e-08
2.731127232788875959e-08
2.765580232985994076e-08
2.800631914615243996e-08
2.836268122053775133e-08
2.872507686338924135e-08
2.909339043805459286e-08
2.946766458812802114e-08
2.984796922435012641e-08
3.023411303272244205e-08
3.062603443830671775e-08
3.102329513805100205e-08
3.142561491364679692e-08
3.183246523315280949e-08
3.224336654522605264e-08
3.265773388641373700e-08
3.307475297264286145e-08
3.349383071245984074e-08
3.391407432524114905e-08
3.433509688978564510e-08
3.475634946704953913e-08
3.517784274598677551e-08
3.559943463331573438e-08
3.602128313375470433e-08
3.644344648834523284e-08
3.686593526119175773e-08
3.728840155398224027e-08
3.771041719781623541e-08
3.813109569268396949e-08
3.854943185616595927e-08
3.896413730732728146e-08
3.937394977141285602e-08
3.977791688574474872e-08
4.017521484283469742e-08
4.056533460628368453e-08
4.094767368384069653e-08
4.132161446060359987e-08
4.168649443048820875e-08
4.204152004688097676e-08
4.238609241952893637e-08
4.271964306924173073e-08
4.304190711035960111e-08
4.335232807073045594e-08
4.365018653120508950e-08
4.393393422808082674e-08
4.420173210679628464e-08
4.445172853596750156e-08
4.468276498061011057e-08
4.489441377748393304e-08
4.508682120019270785e-08
4.525985658070097658e-08
4.541321908820261091e-08
4.554605432353811133e-08
4.565721884519703625e-08
4.574504268705135014e-08
4.580793603727983419e-08
4.584475480969034725e-08
4.585517248252447256e-08
4.583920660945613097e-08
4.579682297516737914e-08
4.572769115449820244e-08
4.563110617900587568e-08
4.550622357480640370e-08
4.535198742889287684e-08
4.516762902006964701e-08
4.495270245847035019e-08
4.470756193605436439e-08
4.443265836357387935e-08
4.412827477758986211e-08
4.379394969149114421e-08
4.342901958949505531e-08
4.303322274645082571e-08
4.260702814564643644e-08
4.215139335067295133e-08
4.166711650899697640e-08
4.115461863251194465e-08
4.061400943860558652e-08
4.004571398144605584e-08
3.945059172427037011e-08
3.883014017723942993e-08
3.818560461659140175e-08
3.751802114351382682e-08
3.682815732545301860e-08
3.611727532240257405e-08
3.538710631760534519e-08
3.463951369433523885e-08
3.387601318775541345e-08
3.309795654652326214e-08
3.230705985844403118e-08
3.150543860442915586e-08
3.069514472980809795e-08
2.987784370855866846e-08
2.905540749581082681e-08
2.822977788318184552e-08
2.740317704113010751e-08
2.657738513666594766e-08
2.575424306731075849e-08
2.493558960444372074e-08
2.412334688945809934e-08
2.331925519275909966e-08
2.252474919424871014e-08
2.174147198706315744e-08
2.097087699893295039e-08
2.021418494611899441e-08
1.947248664041477768e-08
1.874684675154574480e-08
1.803808477159859454e-08
1.734683068561164692e-08
1.667361871283455771e-08
1.601881359454090857e-08
1.538255540014417102e-08
1.476489504843715704e-08
1.416572971095059327e-08
1.358483239508172476e-08
1.302188073990877697e-08
1.247645632889390374e-08
1.194807215458533132e-08
1.143619399174192302e-08
1.094027892482108316e-08
1.045978746147291562e-08
9.994205593596814119e-09
9.543073082283520051e-09
9.105996510100048480e-09
8.682655572362067793e-09
8.272813841538615742e-09
7.876324757834497879e-09
7.493129409663839808e-09
7.123251815602549072e-09
6.766785821430026068e-09
6.423868139781042452e-09
6.094656257963659600e-09
5.779304933015424810e-09
5.477935404957457595e-09
5.190603664576811849e-09
4.917263945304618496e-09
4.657750643140982140e-09
4.411772860632494844e-09
4.178906333227570226e-09
3.958597890232514958e-09
3.750195519081394045e-09
3.552979890441127970e-09
3.366208039467545966e-09
3.189146263030609213e-09
3.021110759791745077e-09
2.861499248100634352e-09
2.709813666765637142e-09
2.565667022807901247e-09
2.428770637954920878e-09
2.298910641344225398e-09
2.175913487808469569e-09
2.059611443247807514e-09
1.949805656890650838e-09
1.846244113840124713e-09
1.748622663499147664e-09
1.656589837536914294e-09
1.569757855097766776e-09
1.487745871194428914e-09
1.410224812280973534e-09
1.336919779264552501e-09
1.267597186429130924e-09
1.202068045757581888e-09
1.140156459006499907e-09
1.081696595191779269e-09
1.026509206297976951e-09
9.743820397419329755e-10
9.251189124694408163e-10
8.785383890539316251e-10
8.344689942500858986e-10
7.927598494368838879e-10
7.532830147953056765e-10
7.159132943539557680e-10
6.805163134568359069e-10
6.469781811674155414e-10
6.151804397335019851e-10
5.850132137359540596e-10
5.563838641546419357e-10
5.291968022372957783e-10
5.033669975494054344e-10
4.788144197555130869e-10
4.554608345224650593e-10
4.332377735490941440e-10
4.120783220945299299e-10
3.919215623829375639e-10
3.727115698760883052e-10
3.543949547565395503e-10
3.369233387096791018e-10
3.202509409441941561e-10
3.043361235617631925e-10
2.891399447767875962e-10
2.746261691831172288e-10
2.607613681436157192e-10
2.475146971098344091e-10
2.348571759411332026e-10
2.227619666088077475e-10
2.112042878930258223e-10
2.001608136056823831e-10
1.896096975774871794e-10
1.795307269928330089e-10
1.699047906902957035e-10
1.607137580503271335e-10
1.519407449710000344e-10
1.435697100652963990e-10
1.355852459234577752e-10
1.279728263118376185e-10
1.207186265459222142e-10
1.138092080528924107e-10
1.072317206484404517e-10
1.009739017502236166e-10
9.502372993233502954e-11
8.936958270791922574e-11
8.400029960801832617e-11
7.890494594873526733e-11
7.407280663415434621e-11
6.949358145267119405e-11
6.515717712996022328e-11
6.105363240572228200e-11
5.717337042060814694e-11
5.350702530961896322e-11
5.004532454577877622e-11
4.677935430879186791e-11
4.370042329676265781e-11
4.079996027019368110e-11
3.806968678208524308e-11
3.550159358841057524e-11
3.308781063732458168e-11
3.082074598656858455e-11
2.869307962155068889e-11
2.669765811031405455e-11
2.482761919280381173e-11
2.307633812029656493e-11
2.143739926005631449e-11
1.990467162686616952e-11
1.847222407821420147e-11
1.713439802868831903e-11
1.588575031253756888e-11
1.472108455289780060e-11
1.363543532189678512e-11
1.262406098282823374e-11
1.168245325243903698e-11
1.080631743512509830e-11
9.991571270215463678e-12
9.234342545019986050e-12
8.530959262553809765e-12
7.877943226444120527e-12
7.272011034708173367e-12
6.710056533027319930e-12
6.189150305102965964e-12
5.706536718194806673e-12
5.259617379883206885e-12
4.845946823479668843e-12
4.463228403677443905e-12
4.109307081807348195e-12
3.782160145357638843e-12
3.479894803112147473e-12
3.200735572226105777e-12
2.943024143201275002e-12
2.705210241483321437e-12
2.485845758350093364e-12
2.283578077933762800e-12
2.097145805421483305e-12
1.925373525485591289e-12
1.767167944678616721e-12
1.621512712745920205e-12
1.487458679697271778e-12
1.364124240767818682e-12
1.250690565043204676e-12
1.146397170286196600e-12
1.050538967692381223e-12
9.624622456104469368e-13
8.815613575338064314e-13
8.072722032592636837e-13
7.390735586215332112e-13
6.764829948632470453e-13
6.190550465188068173e-13
5.663800126215387653e-13
5.180751720206715238e-13
4.737888350677742414e-13
4.331970070650750186e-13
3.960017165386150389e-13
3.619278918859595458e-13
3.307220166132742698e-13
3.021510628310783206e-13
2.760018033812081039e-13
2.520763700360865691e-13
2.301929551735026289e-13
2.101845113302316354e-13
1.918957858639876411e-13
1.751816454681822246e-13
1.599093236775583357e-13
1.459553165583650648e-13
1.332057822442224601e-13
1.215588029017935156e-13
1.109182686145550374e-13
1.012000249917269087e-13
9.232675103705582033e-14
8.422785852459331480e-14
7.683949776903098647e-14
7.010127431870687090e-14
6.395711735622267002e-14
5.835394381796916779e-14
5.324342973376816285e-14
4.858239941769441205e-14
4.433123390320111632e-14
4.045586956913840857e-14
3.692333839299748415e-14
3.370326195239693074e-14
3.076840405858463015e-14
2.809349726756480211e-14
2.565552262288450731e-14
2.343369647866145883e-14
2.140903899703211267e-14
1.956436223342169626e-14
1.788377976288567185e-14
1.635281600445139267e-14
1.495833127361140444e-14
1.368834189439587369e-14
1.253191275446798594e-14
1.147910006067378808e-14
1.052097200546170597e-14
9.649065238325943770e-15
8.855792267811811733e-15
8.134237837914134831e-15
7.478421799070453853e-15
6.882352117189203315e-15
6.340823681981637216e-15
5.849190774605181183e-15
5.402971228435875872e-15
4.998253494557564676e-15
4.631553521301983616e-15
4.299384988511866706e-15
3.998751210006889441e-15
3.726912685338620870e-15
3.481347213313090144e-15
3.259726566186429491e-15
3.059917219401172077e-15
2.879980380813946920e-15
2.718149479011053891e-15
2.572923658898574397e-15
2.442728940962756958e-15
2.326297873525702136e-15
2.222337136630305169e-15
2.129785070271532178e-15
2.047664740610231796e-15
