# bin_1_1
7.824047310137622480e-09
7.851070246431007173e-09
7.879015228012341238e-09
7.907907715205813805e-09
7.937771022539860527e-09
7.968628031835350130e-09
8.000502101790468912e-09
8.033417040801410425e-09
8.067399968980011184e-09
8.102480965587569117e-09
8.138689233754925829e-09
8.176053353535960071e-09
8.214596901675785192e-09
8.254339998500792892e-09
8.295303267184297434e-09
8.337510371439059224e-09
8.380993778212034953e-09
8.425786257986211432e-09
8.471917287066215326e-09
8.519404319515033498e-09
8.568260365364410505e-09
8.618503182581895458e-09
8.670166328328875591e-09
8.723285648951792418e-09
8.777882794235257492e-09
8.833961209030788111e-09
8.891527711115892431e-09
8.950610179012904226e-09
9.011236141941952658e-09
9.073404208047528729e-09
9.137091481021730915e-09
9.202295493832756595e-09
9.269037010719023639e-09
9.337312959479406273e-09
9.407079919900888669e-09
9.478309270412035592e-09
9.551005559293514713e-09
9.625149820858594889e-09
9.700683358478413797e-09
9.777574474451122191e-09
9.855825183122156730e-09
9.935400966439993539e-09
1.001625845726681211e-08
1.009840648986400112e-08
1.018184124235972771e-08
1.026651327500479781e-08
1.035242175978029265e-08
1.043957245317705982e-08
1.052789333605060312e-08
1.061735210438980428e-08
1.070796290825443409e-08
1.079961835674717895e-08
1.089223261273853897e-08
1.098579372928942687e-08
1.108012443026405598e-08
1.117510354069875757e-08
1.127066643323137728e-08
1.136657946181825127e-08
1.146269103360083641e-08
1.155879660205512112e-08
1.165460452736188112e-08
1.174989271351410449e-08
1.184432183524252967e-08
1.193769322445148759e-08
1.202976776598652640e-08
1.212036270445961703e-08
1.220947188290204130e-08
1.229696190900877141e-08
1.238287153162133424e-08
1.246713794244553172e-08
1.254969888645784389e-08
1.263049562112292921e-08
1.270929586351751825e-08
1.278589936918489390e-08
1.285980843603779675e-08
1.293055516897793672e-08
1.299748994101859238e-08
1.306019278210867005e-08
1.311820484454088790e-08
1.317133386732832276e-08
1.321944663720742027e-08
1.326256882961728214e-08
1.330078794800146599e-08
1.333396527874825041e-08
1.336195820891504895e-08
1.338445828699686779e-08
1.340110124383093865e-08
1.341166398771076129e-08
1.341575206679630967e-08
1.341299498878142494e-08
1.340286408924112548e-08
1.338489735151804677e-08
1.335891252259518880e-08
1.332499666262876490e-08
1.328356296835993926e-08
1.323487324191648419e-08
1.317898676315152323e-08
1.311544767811982781e-08
1.304364457625678478e-08
1.296309749343613786e-08
1.287356709087696810e-08
1.277526414902267377e-08
1.266865899012538385e-08
1.255428898598125128e-08
1.243240810040495567e-08
1.230283377650303904e-08
1.216525827504026808e-08
1.201947276563417112e-08
1.186571544149593277e-08
1.170438947755851408e-08
1.153605722990935697e-08
1.136120685045629322e-08
1.118019237867490494e-08
1.099306459081071358e-08
1.079972764522324948e-08
1.060047028953172659e-08
1.039600934767708965e-08
1.018721210656580595e-08
9.974539412281514912e-09
9.758125471993145838e-09
9.538124408096158352e-09
9.315068425382789497e-09
9.089753403163002814e-09
8.862876778646865313e-09
8.634854100544957217e-09
8.405949380230037315e-09
8.176622949921127447e-09
7.947464876566219008e-09
7.719282880129293966e-09
7.492420111877097738e-09
7.267228289615271650e-09
7.044059612069173993e-09
6.823588653557109063e-09
6.606216224847010877e-09
6.392270128974831901e-09
6.181959257566309355e-09
5.975679281954715349e-09
5.773733738886427735e-09
5.576309098259510943e-09
5.383494874504731699e-09
5.195421843822266120e-09
5.012237970871791193e-09
4.833913989321532915e-09
4.660405480403970780e-09
4.491689094475536914e-09
4.327705329469299758e-09
4.168317815235690041e-09
4.013408996684649962e-09
3.862876963012743895e-09
3.716585836458517158e-09
3.574407552245673261e-09
3.436242400798694224e-09
3.301992657007952841e-09
3.171563768823519831e-09
3.044902372823696941e-09
2.921948162745502925e-09
2.802653265377959916e-09
2.686997189534532668e-09
2.574954032225394243e-09
2.466515646963876303e-09
2.361674277400986328e-09
2.260436369286821278e-09
2.162807444904858918e-09
2.068797178489995007e-09
1.978413713494450739e-09
1.891660651491094240e-09
1.808529287232875814e-09
1.728993251914408451e-09
1.653003317337557157e-09
1.580477863841861330e-09
1.511304380696033208e-09
1.445341508681953662e-09
1.382423133335009375e-09
1.322372829629588984e-09
1.265016983184612302e-09
1.210188991229569843e-09
1.157741134366547739e-09
1.107539891199701204e-09
1.059465415628292075e-09
1.013410302246696381e-09
9.692785954597054535e-10
9.269881605940419218e-10
8.864756937273907713e-10
8.476938632242613394e-10
8.106111630660703135e-10
7.751990098368810232e-10
7.414221494461420641e-10
7.092272924964070641e-10
6.785364990700798711e-10
6.492539315241050302e-10
6.212760181217218124e-10
5.945111846271945088e-10
5.688892833687789526e-10
5.443624403757000392e-10
5.208954632191720535e-10
4.984527651636217874e-10
4.769908305611125917e-10
4.564575125218030609e-10
4.368001452574795656e-10
4.179706974452201295e-10
3.999308511708655703e-10
3.826451742305704283e-10
3.660812915810438638e-10
3.502057510548086332e-10
3.349858970342473983e-10
3.203911382457062873e-10
3.063890824951603326e-10
2.929494447334591582e-10
2.800423821267818061e-10
2.676446920274853120e-10
2.557368748381176258e-10
2.443003022952336390e-10
2.333131801379273980e-10
2.227546071853825070e-10
2.126054428895602885e-10
2.028510115160371403e-10
1.934757305747815616e-10
1.844646089515038678e-10
1.758037223058146885e-10
1.674800539909252003e-10
1.594822491150885604e-10
1.517980737536172186e-10
1.444170796583375959e-10
1.373287571203630045e-10
1.305236187848792810e-10
1.239924119210748974e-10
1.177263299957858812e-10
1.117171540581452022e-10
1.059566247839455666e-10
1.004373015598923102e-10
9.515147654821415907e-11
9.009222176707969051e-11
8.525239758151392609e-11
8.062524466324626690e-11
7.620421643598523576e-11
7.198273556293014216e-11
6.795449018123318080e-11
6.411321653459187020e-11
6.045288494301468754e-11
5.696731512791606860e-11
5.365068056110017299e-11
5.049702824512682896e-11
4.750063673730676323e-11
4.465568775942027314e-11
4.195666061232638802e-11
3.939796933572102088e-11
3.697404796875148815e-11
3.467966367693652410e-11
3.250940687732695632e-11
3.045809574731624967e-11
2.852064161354702855e-11
2.669207477055711288e-11
2.496744314997875290e-11
2.334205968986267564e-11
2.181125431486044232e-11
2.037049229250541052e-11
1.901542434278380180e-11
1.774178118000045203e-11
1.654547030496597189e-11
1.542247505896101469e-11
1.436902737488830428e-11
1.338137915527352802e-11
1.245598910258538169e-11
1.158946731788399537e-11
1.077852109969973003e-11
1.002000711846702909e-11
9.310956528632618745e-12
8.648495741048464390e-12
8.029877783469037042e-12
7.452534815362020588e-12
6.913963662359734977e-12
6.411826611924806771e-12
5.943892240843642669e-12
5.508034465385645072e-12
5.102259222623355880e-12
4.724658458184682457e-12
4.373440935208734471e-12
4.046913477603748237e-12
3.743466478494382479e-12
3.461597332121275626e-12
3.199877024409565297e-12
2.956969404883275012e-12
2.731616063871899014e-12
2.522625696487503209e-12
2.328892347618440316e-12
2.149368380960000730e-12
1.983077571017261748e-12
1.829102543590972917e-12
1.686580430320076846e-12
1.554707427013683631e-12
1.432733780288360590e-12
1.319953434406314429e-12
1.215709798169199254e-12
1.119389735835647771e-12
1.030419416081182971e-12
9.482659100477475662e-13
8.724313398674597917e-13
8.024516668481087457e-13
7.378953686018887962e-13
6.783606308689189523e-13
6.234738965634870285e-13
5.728865651393430288e-13
5.262752823446011348e-13
4.833393829866973864e-13
4.438010658155388593e-13
4.074024603176266996e-13
3.739051957690517189e-13
3.430845400792808024e-13
3.147343580200708916e-13
2.886640906966587034e-13
2.646969593130606457e-13
2.426692716232156411e-13
2.224296398006747478e-13
2.038381579104369321e-13
1.867645330922296431e-13
1.710891487475446957e-13
1.567006344238087467e-13
1.434972648362280088e-13
1.313860905432334424e-13
1.202766748045677938e-13
1.100902456086378953e-13
1.007524778467057549e-13
9.219385291789587772e-14
8.435167142345745154e-14
7.716623730207896391e-14
7.058474413113282011e-14
6.455726548605800836e-14
5.903713152086540472e-14
5.398335474829795786e-14
4.935621688708456744e-14
4.512113710842405777e-14
4.124444392791056246e-14
3.769733576905311891e-14
3.445151379912763945e-14
3.148247909867100969e-14
2.876645796838047370e-14
2.628298652175754243e-14
2.401194346226687426e-14
2.193616903221940594e-14
2.003842206913884230e-14
1.830413982326485952e-14
1.671893850374440928e-14
1.527082197173079825e-14
1.394761518780259808e-14
1.273902990581476381e-14
1.163505560246868043e-14
1.062676778664792897e-14
9.706391936964302291e-15
8.866081464414989062e-15
8.098947641125474186e-15
7.398800059642124013e-15
6.760144794825437861e-15
6.177516108748707409e-15
5.646104379127586085e-15
5.161509308654476888e-15
4.719722906046911875e-15
4.317081800255929358e-15
3.950216232458454651e-15
3.615998384156421220e-15
3.311617100239279744e-15
3.034532549698934748e-15
2.782401121250470956e-15
2.553165670254053465e-15
2.344727097696774125e-15
2.155151580610420209e-15
1.982971182088258132e-15
1.826576576345043359e-15
1.684595458488096433e-15
1.555750202260996297e-15
1.438892694738696240e-15
1.332925605130632358e-15
1.236918750131173585e-15
1.149985172521360241e-15
1.071287582878887074e-15
1.000119466128150835e-15
9.358594922912519019e-16
8.779161707885731429e-16
8.257527891758248962e-16
7.788558054902679458e-16
7.367257272213656730e-16
6.989879967655528565e-16
6.652076963145560737e-16
6.350370242648291690e-16
6.080716391696263140e-16
5.840370157910269844e-16
5.627005104174515433e-16
5.437869929971776687e-16
5.270119484818136231e-16
5.121057324306472266e-16
4.988410618119235127e-16
4.870010689615576347e-16
4.763915910571283856e-16
4.668677667948550247e-16
4.583139531157919468e-16
4.507015424035937282e-16
4.439207274626522092e-16
4.378289689805363611e-16
4.323557179510444071e-16
4.274691496516759798e-16
4.232017989759634628e-16
