# bin_2_2
1.431969961454741570e-08
1.437376379758101719e-08
1.442971539118923552e-08
1.448760770998287169e-08
1.454749527293964179e-08
1.460943451142448743e-08
1.467348345131812341e-08
1.473970367936731285e-08
1.480815894202971728e-08
1.487891258391018964e-08
1.495202705832735627e-08
1.502756141734369421e-08
1.510557445380962721e-08
1.518612798804989265e-08
1.526928733234588526e-08
1.535512395577987803e-08
1.544371085695302264e-08
1.553511908835914652e-08
1.562941512922409467e-08
1.572666889362228972e-08
1.582695471315411114e-08
1.593035399356108191e-08
1.603694518074162301e-08
1.614680128416344862e-08
1.625999132572839769e-08
1.637659255817982694e-08
1.649668873555701751e-08
1.662035290645973557e-08
1.674764142935473444e-08
1.687860932122856935e-08
1.701332557381185830e-08
1.715186037968701056e-08
1.729425065519456243e-08
1.744051500076601032e-08
1.759068208050633551e-08
1.774478397149501368e-08
1.790281721042922174e-08
1.806474983234715224e-08
1.823057103675987846e-08
1.840028447915790302e-08
1.857385507940619372e-08
1.875124248023105817e-08
1.893247327598078669e-08
1.911754585694009284e-08
1.930642200486292846e-08
1.949915178806573940e-08
1.969576993210089194e-08
1.989621327984767844e-08
2.010050762061370913e-08
2.030869920918326335e-08
2.052069729553382362e-08
2.073648547827622420e-08
2.095607693402553406e-08
2.117936744493914301e-08
2.140638650251267595e-08
2.163717200766326823e-08
2.187168263324080247e-08
2.211000475016773716e-08
2.235206390599918969e-08
2.259776300107018525e-08
2.284703763602690341e-08
2.309957874823011037e-08
2.335521655696302944e-08
2.361359860985266076e-08
2.387435290276091140e-08
2.413719515978679223e-08
2.440155851121102264e-08
2.466709163746830510e-08
2.493318488623263422e-08
2.519942323418930578e-08
2.546552076364731523e-08
2.573110881556175104e-08
2.599622320250315606e-08
2.626074405543927303e-08
2.652481284112353975e-08
2.678827433851400691e-08
2.705116033897509111e-08
2.731317367522887408e-08
2.757402779152549976e-08
2.783307878882687156e-08
2.808950467015940448e-08
2.834242064024433694e-08
2.859086706497804310e-08
2.883410650451791940e-08
2.907147239453421990e-08
2.930257066896715618e-08
2.952705241116339839e-08
2.974465571265523183e-08
2.995502130002843622e-08
3.015780756486589656e-08
3.035250167111617206e-08
3.053865772549563027e-08
3.071573838144751466e-08
3.088338251473318239e-08
3.104087707630642914e-08
3.118732456222760550e-08
3.132154785336466943e-08
3.144230818531483781e-08
3.154884390937967394e-08
3.164096875742970089e-08
3.171880927745044912e-08
3.178250668373304396e-08
3.183170630796762280e-08
3.186581143234422278e-08
3.188382543300773253e-08
3.188464917540942054e-08
3.186734030100031053e-08
3.183126872451233964e-08
3.177634131686910854e-08
3.170274172317040903e-08
3.161064844414085695e-08
3.149978588921542472e-08
3.136963004562661770e-08
3.121951255633227299e-08
3.104887676026154463e-08
3.085737257926074830e-08
3.064515649238145418e-08
3.041259309126720620e-08
3.016007958840135184e-08
2.988773082418239648e-08
2.959535648131503631e-08
2.928264619689743539e-08
2.894965713358307234e-08
2.859708419109970034e-08
2.822577153880311107e-08
2.783636003078120131e-08
2.742909204187304382e-08
2.700424676813857186e-08
2.656228790939369532e-08
2.610429219066001967e-08
2.563136790876103002e-08
2.514443627987408538e-08
2.464419937668508019e-08
2.413143116300929824e-08
2.360727137141431031e-08
2.307308202595811930e-08
2.253022554488894249e-08
2.197965109430085982e-08
2.142243829006126672e-08
2.085997935283201699e-08
2.029382925011548329e-08
1.972519224525517175e-08
1.915534305058843921e-08
1.858549305770844302e-08
1.801714171627259708e-08
1.745160405118508186e-08
1.689005086611816169e-08
1.633362765054716721e-08
1.578355291984718534e-08
1.524099813237855076e-08
1.470683192851946363e-08
1.418198566280785493e-08
1.366735590646792557e-08
1.316364700462889899e-08
1.267143407373524126e-08
1.219124589520369620e-08
1.172350360338568355e-08
1.126844118279154339e-08
1.082622493080097440e-08
1.039694187797611443e-08
9.980515156559709646e-09
9.576805305051098474e-09
9.185612692330517967e-09
8.806633975260561316e-09
8.439527219382411379e-09
8.083923156178848209e-09
7.739418647743652420e-09
7.405612469056670482e-09
7.082117007570494504e-09
6.768578565324229495e-09
6.464687945889048121e-09
6.170189107736096553e-09
5.884888814802647245e-09
5.608660446015696070e-09
5.341443456259948582e-09
5.083247892017254984e-09
4.834139425851904048e-09
4.594225921755871369e-09
4.363643809235439289e-09
4.142535180329828013e-09
3.931016810567060428e-09
3.729165083633613207e-09
3.536989215755297503e-09
3.354412909896506199e-09
3.181265783307944006e-09
3.017274800222460035e-09
2.862071447187554763e-09
2.715205661811314897e-09
2.576167758460812257e-09
2.444421206187445908e-09
2.319433589296684090e-09
2.200707855166265787e-09
2.087811567278119816e-09
1.980390809775571954e-09
1.878176356760709580e-09
1.780971720988029102e-09
1.688637784946826172e-09
1.601065889942228286e-09
1.518148938860385420e-09
1.439753974498106449e-09
1.365706885825038330e-09
1.295791208609960765e-09
1.229761002962703917e-09
1.167361964455580487e-09
1.108349615782109655e-09
1.052502023080532206e-09
9.996282844743137978e-10
9.495676785094826413e-10
9.021792781480274761e-10
8.573297424493519548e-10
8.148933454799520876e-10
7.747437508689463169e-10
7.367482319749014040e-10
7.007754946498405136e-10
6.667069478190979135e-10
6.344301337816663881e-10
6.038339403629023813e-10
5.748169674034633400e-10
5.472840148920932489e-10
5.211508299131005204e-10
4.963380429797510870e-10
4.727622895506058996e-10
4.503498323904276538e-10
4.290314998018706790e-10
4.087407666012800864e-10
3.894167511159279957e-10
3.710035359086602198e-10
3.534481498105185996e-10
3.367009154978551721e-10
3.207166040862001131e-10
3.054523848076875801e-10
2.908686830865860566e-10
2.769291272147442171e-10
2.635999178405762567e-10
2.508497420802295253e-10
2.386497522605372942e-10
2.269731650799502412e-10
2.157951404366939322e-10
2.050928883692154004e-10
1.948452655970572388e-10
1.850324467326805361e-10
1.756362625865530238e-10
1.666398141904710427e-10
1.580271241884004819e-10
1.497834028139563837e-10
1.418949016187725018e-10
1.343484581353716051e-10
1.271317228385856272e-10
1.202331659365833841e-10
1.136416308149309388e-10
1.073464621090343820e-10
1.013376449363434888e-10
9.560541694030709660e-11
9.014027549319109421e-11
8.493319853985063363e-11
7.997536074015062822e-11
7.525803384211978106e-11
7.077284670295634048e-11
6.651159777447095395e-11
6.246611107227017806e-11
5.862847114463046040e-11
5.499092597164769337e-11
5.154575488844180627e-11
4.828540114983448479e-11
4.520251533559394774e-11
4.228978692264684153e-11
3.954002444628698608e-11
3.694629178537532794e-11
3.450170112088162539e-11
3.219948393576973757e-11
3.003313230247322540e-11
2.799623766365347038e-11
2.608251090780725759e-11
2.428592905898932225e-11
2.260059745597260489e-11
2.102077785905658120e-11
1.954097682791844384e-11
1.815585407631640984e-11
1.686024917323372352e-11
1.564923664202239810e-11
1.451803971148654304e-11
1.346210056051109923e-11
1.247705498331207996e-11
1.155871529444335926e-11
1.070309973426694575e-11
9.906402034601907132e-12
9.165003405235256963e-12
8.475462464028192073e-12
7.834515188324750438e-12
7.239058687126040554e-12
6.686168007104414801e-12
6.173062597352459249e-12
5.697127615771451072e-12
5.255887927198456385e-12
4.847014972490302121e-12
4.468317600455211785e-12
4.117732315355764513e-12
3.793322218378465148e-12
3.493266738908166196e-12
3.215857533251381243e-12
2.959494280273370097e-12
2.722678991154472322e-12
2.504010592491015042e-12
2.302179529476953425e-12
2.115963988321373064e-12
1.944222109137238157e-12
1.785888486754670597e-12
1.639970216830333572e-12
1.505542692158830653e-12
1.381744533814031816e-12
1.267775402246982462e-12
1.162891105299237613e-12
1.066400639842585940e-12
9.776636090516295923e-13
8.960828137891260097e-13
8.211047307144880070e-13
7.522166396528229455e-13
6.889439381726063265e-13
6.308471766974015446e-13
5.775204366140134264e-13
5.285871756565696204e-13
4.836977767809995040e-13
4.425297220183771225e-13
4.047849563658801090e-13
3.701886507119136597e-13
3.384872270423061739e-13
3.094445490321550053e-13
2.828438601450342571e-13
2.584847807835467322e-13
2.361842895491260139e-13
2.157714531162095189e-13
1.970899877519778132e-13
1.799965294738508764e-13
1.643599331381029117e-13
1.500577275152970753e-13
1.369786325453446752e-13
1.250224123982480611e-13
1.140943669876646884e-13
1.041089906332763455e-13
9.498916572610527819e-14
8.666161045814058268e-14
7.906080536550583237e-14
7.212539264775552570e-14
6.579818846719815604e-14
6.002741371019462563e-14
5.476305129192619290e-14
4.996183760629901623e-14
4.558143562676381664e-14
4.158626471772651525e-14
3.794172539867116595e-14
3.461844962273616086e-14
3.158823470365124593e-14
2.882583581994672723e-14
2.630822716721679385e-14
2.401333164576390031e-14
2.192168358583897746e-14
2.001556418196849492e-14
1.827832537094771757e-14
1.669515802358990567e-14
1.525257130505123003e-14
1.393841073888732815e-14
1.274115273710944036e-14
1.165053025225142043e-14
1.065718503268639406e-14
9.752561779522168539e-15
8.928851569491487284e-15
8.178936539952248836e-15
7.496332288151560508e-15
6.875126896197713237e-15
6.310029104236570262e-15
5.796067107896295772e-15
5.328659985755511117e-15
4.903730668525529420e-15
4.517854926258544487e-15
4.167331331586040715e-15
3.849320769029184244e-15
3.560822534516764007e-15
3.299514480269892023e-15
3.062827455261261047e-15
2.848643583427258095e-15
2.655085335755289717e-15
2.480324130292917550e-15
2.322720211152203104e-15
2.180793648319311544e-15
2.053176806237314672e-15
1.938667974977942635e-15
1.836027476862473814e-15
1.744155195390297810e-15
1.662156128058433926e-15
1.588999581126498561e-15
1.523977098125165262e-15
1.466293489064334419e-15
1.415309724978207290e-15
1.370422828157316944e-15
1.331045776620184197e-15
1.296637006569749434e-15
1.266742611931761277e-15
1.240888651514346876e-15
1.218694719023650353e-15
1.199796915908529975e-15
