# bin_3_2
1.526553820889851873e-08
1.532522562028948546e-08
1.538701335322203809e-08
1.545096245418903052e-08
1.551713547097061034e-08
1.558559715187523618e-08
1.565641411164414805e-08
1.572965678255517019e-08
1.580539797596483733e-08
1.588371032252303665e-08
1.596466584911564587e-08
1.604833351125938855e-08
1.613478239229768656e-08
1.622408499219008907e-08
1.631631761451837035e-08
1.641156295241547704e-08
1.650990538984154699e-08
1.661142764336133674e-08
1.671620826528187393e-08
1.682432972646575936e-08
1.693587932391497254e-08
1.705095164534073009e-08
1.716963842658019971e-08
1.729202625407516106e-08
1.741819826593817430e-08
1.754824645448954529e-08
1.768226956224905744e-08
1.782035566446110082e-08
1.796257638405354010e-08
1.810900270561787928e-08
1.825972029567876007e-08
1.841481608369964079e-08
1.857434366767226309e-08
1.873833895007418168e-08
1.890684892908636857e-08
1.907992420765873140e-08
1.925757947086032234e-08
1.943980146221701207e-08
1.962659931628152898e-08
1.981799647249536755e-08
2.001397668056215617e-08
2.021451934562541977e-08
2.041967185668172907e-08
2.062945205790309034e-08
2.084384082507098421e-08
2.106290897852703867e-08
2.128671118702506450e-08
2.151520318361427305e-08
2.174843147949270782e-08
2.198646267806723598e-08
2.222922481996513791e-08
2.247672235632492078e-08
2.272898891169793132e-08
2.298593839793194429e-08
2.324762035128238608e-08
2.351409093034956655e-08
2.378532501304319758e-08
2.406142751621223557e-08
2.434233951638809027e-08
2.462797957091468591e-08
2.491830059769808711e-08
2.521300737051040688e-08
2.551194637627545405e-08
2.581477891594034997e-08
2.612114528596802682e-08
2.643077420487717044e-08
2.674310784577145150e-08
2.705780613835948767e-08
2.737426675397331473e-08
2.769208174448960350e-08
2.801096910992245189e-08
2.833055993937545917e-08
2.865088888221083465e-08
2.897182829389209454e-08
2.929351283420101096e-08
2.961577396303114715e-08
2.993863118470861596e-08
3.026176967256487843e-08
3.058488591693137527e-08
3.090731608677564179e-08
3.122821731243108024e-08
3.154668064071984363e-08
3.186171841438886029e-08
3.217256044172153935e-08
3.247850036613663069e-08
3.277910004762410057e-08
3.307395930749691407e-08
3.336276284427323047e-08
3.364509077597137962e-08
3.392053855240688460e-08
3.418852413710009417e-08
3.444852843366140185e-08
3.469993318189726305e-08
3.494229165650381077e-08
3.517479949660084645e-08
3.539646431880786587e-08
3.560601029238384004e-08
3.580209345945764175e-08
3.598383905093044812e-08
3.615093600808934004e-08
3.630337787726698954e-08
3.644116713460876752e-08
3.656380522611879015e-08
3.667054912806329819e-08
3.676024995865802905e-08
3.683165274868281696e-08
3.688365059188848731e-08
3.691544334804318669e-08
3.692675773595656275e-08
3.691759064857826461e-08
3.688792997780038813e-08
3.683730734801015296e-08
3.676500501157394117e-08
3.667015530899217622e-08
3.655200151637216830e-08
3.640998799036929091e-08
3.624406547880854875e-08
3.605438928651733963e-08
3.584114913773219702e-08
3.560425285243877106e-08
3.534330788541027913e-08
3.505780774604751870e-08
3.474761280018264497e-08
3.441322848987449558e-08
3.405531212955444011e-08
3.367433014828942970e-08
3.327035980155902867e-08
3.284352801909544582e-08
3.239415861365519651e-08
3.192320152479671459e-08
3.143165372423015528e-08
3.092034381289051334e-08
3.038990140130275105e-08
2.984105006117982499e-08
2.927490256693903797e-08
2.869281635853101584e-08
2.809617898051409613e-08
2.748599144350126562e-08
2.686341604216128729e-08
2.622995836754810705e-08
2.558732052445801416e-08
2.493688421713176384e-08
2.428013895132313841e-08
2.361854298562597447e-08
2.295387905668319609e-08
2.228777758620916480e-08
2.162175740803165450e-08
2.095734064622552909e-08
2.029614953728621653e-08
1.963978271943475843e-08
1.898955451436181609e-08
1.834685855402487807e-08
1.771306454850859443e-08
1.708935596701039210e-08
1.647678707953189472e-08
1.587636005283826759e-08
1.528895630816571832e-08
1.471525078535712170e-08
1.415582540586876548e-08
1.361115043720698618e-08
1.308149190852563587e-08
1.256700783036953266e-08
1.206774516573322167e-08
1.158359195677150844e-08
1.111433998475927197e-08
1.065969293510205007e-08
1.021925973339714802e-08
9.792592247026896453e-09
9.379201821761575699e-09
8.978587497760322196e-09
8.590256049041363070e-09
8.213739159558720847e-09
7.848613920165438127e-09
7.494518982366528465e-09
7.151169144495069147e-09
6.818374749070386886e-09
6.496038585475704995e-09
6.184153287518813401e-09
5.882798734667393408e-09
5.592125872642066792e-09
5.312326206732539251e-09
5.043613400767795214e-09
4.786188647972824726e-09
4.540208574151897860e-09
4.305756738103449579e-09
4.082812839681551308e-09
3.871235820791343792e-09
3.670753571606289982e-09
3.480965927807226181e-09
3.301364430564597036e-09
3.131357280364299556e-09
2.970304586215091948e-09
2.817563211555715768e-09
2.672525249496093367e-09
2.534651943597717113e-09
2.403491969502306340e-09
2.278693392517446565e-09
2.159996468651083258e-09
2.047212606009538295e-09
1.940190821101617664e-09
1.838787756703909596e-09
1.742839620862462052e-09
1.652150407688870907e-09
1.566488607170387433e-09
1.485592226464597640e-09
1.409178051403939622e-09
1.336961317395909276e-09
1.268671176334997013e-09
1.204060935755344117e-09
1.142908847521827250e-09
1.085027847154306851e-09
1.030254082557085360e-09
9.784298496824030267e-10
9.294037294829574053e-10
8.830341495046597226e-10
8.391779444874359181e-10
7.976811046906713024e-10
7.583965977588350274e-10
7.211834224757119926e-10
6.859203008401627342e-10
6.524984378438818202e-10
6.208047794054098168e-10
5.907414023934655079e-10
5.622151490183079976e-10
5.351304751073470933e-10
5.093990283366374365e-10
4.849399850338371855e-10
4.616785126347291035e-10
4.395420886066605993e-10
4.184672483217604545e-10
3.983915403153045417e-10
3.792563055822452183e-10
3.610086699802238665e-10
3.435985192143092224e-10
3.269799934999406539e-10
3.111103228677475053e-10
2.959494858731818612e-10
2.814607362465902839e-10
2.676100836396582991e-10
2.543659938973107200e-10
2.416991371833184384e-10
2.295824461179426433e-10
2.179909265349327581e-10
2.069011290669907502e-10
1.962914014174982718e-10
1.861417049033207440e-10
1.764331121665980447e-10
1.671479977957755242e-10
1.582700065083711199e-10
1.497835696530648684e-10
1.416739901203624853e-10
1.339275612192973975e-10
1.265311259225173898e-10
1.194720734919809754e-10
1.127385232986166701e-10
1.063190087942802374e-10
1.002023720607605127e-10
9.437797393943231838e-11
8.883551035948825437e-11
8.356482349701734439e-11
7.855613434931604857e-11
7.379991884812254858e-11
6.928676705284059673e-11
6.500749471420642150e-11
6.095318365083034825e-11
5.711499638719418351e-11
5.348424964213797930e-11
5.005255011658426009e-11
4.681156990376542568e-11
4.375312901159035217e-11
4.086931925159956995e-11
3.815235147664635431e-11
3.559456836002015466e-11
3.318859226002401754e-11
3.092718802902350150e-11
2.880329075700919386e-11
2.681009639777923955e-11
2.494097095384675804e-11
2.318947957729034398e-11
2.154944301226468856e-11
2.001485436545418930e-11
1.857995024476980560e-11
1.723918882100553786e-11
1.598723350516908752e-11
1.481898466026231670e-11
1.372955074309197219e-11
1.271426090065792333e-11
1.176865645302489775e-11
1.088849148496826615e-11
1.006971701444493257e-11
9.308499229400342492e-12
8.601185138986870931e-12
7.944325219530960081e-12
7.334646527677932677e-12
6.769059457367336958e-12
6.244648433970525703e-12
5.758660402360255925e-12
5.308504281612406583e-12
4.891738398843152169e-12
4.506066561557061397e-12
4.149332217930092680e-12
3.819512206927591391e-12
3.514709867380114387e-12
3.233148892855164434e-12
2.973168051298059667e-12
2.733212573938260869e-12
2.511829383600652277e-12
2.307661581557811948e-12
2.119443916394136447e-12
1.945995395452382487e-12
1.786217185248152676e-12
1.639085933598103135e-12
1.503650024292320303e-12
1.379025825637792446e-12
1.264389063879817326e-12
1.158974632399533570e-12
1.062072579421150935e-12
9.730250055846758636e-13
8.912222501766380983e-13
8.161002722406252222e-13
7.471355053009354713e-13
6.838420714016722757e-13
6.257709247888913273e-13
5.725067034558469674e-13
5.236662122022846152e-13
4.788953276104656267e-13
4.378648766293239172e-13
4.002717755766116154e-13
3.658360011230162226e-13
3.343006598820775445e-13
3.054268498968346553e-13
2.789955731652623012e-13
2.548055858920324083e-13
2.326722128473744801e-13
2.124237777657504997e-13
1.939038187842392340e-13
1.769704539788438196e-13
1.614908753404677741e-13
1.473444745565470444e-13
1.344218873894931088e-13
1.226202114942756612e-13
1.118468679266701221e-13
1.020154781126821133e-13
9.304557058665338313e-14
8.486380668353982098e-14
7.740014070247432866e-14
7.059272927953128381e-14
6.438215650949356783e-14
5.871738638404011172e-14
5.354973501260830707e-14
4.883727730448400958e-14
4.454067344640505574e-14
4.062453977881566861e-14
3.705639649496770861e-14
3.380521793819759431e-14
3.084300581053924421e-14
2.814409465789147745e-14
2.568480484039332633e-14
2.344405934479116909e-14
2.140257493391815626e-14
1.954291899531105124e-14
1.784881181726495957e-14
1.630564603651686684e-14
1.490012286474946162e-14
1.362008820220493993e-14
1.245443775689545142e-14
1.139309030965309038e-14
1.042683890612932522e-14
9.547276315956252330e-15
8.746860181053184005e-15
8.018557586592382318e-15
7.355910229125352846e-15
6.753129871376855903e-15
6.205254097256299623e-15
5.707141960052733305e-15
5.254686017545431805e-15
4.843727110138456970e-15
4.470918203316402812e-15
4.132743314154353311e-15
3.826220066189479249e-15
3.548696235603014492e-15
3.297614328486054008e-15
3.070661383780507649e-15
2.865740668569728695e-15
2.680908069466639274e-15
2.514488013724610240e-15
2.364801469077171798e-15
2.230329783701058611e-15
2.109815131563567008e-15
2.001848983397865867e-15
1.905404204332935463e-15
1.819349968467236039e-15
1.742754097572473657e-15
1.674764395281481565e-15
1.614579704261340972e-15
1.561483406032255912e-15
1.514870049329635954e-15
1.474122393795189840e-15
1.438713563202417342e-15
1.408128069152281412e-15
