# bin_4_2
1.573593211869412893e-08
1.579814323851128889e-08
1.586254937614590095e-08
1.592921492358897149e-08
1.599820589455723082e-08
1.606959062896243163e-08
1.614343944711739764e-08
1.621982662061336400e-08
1.629882891276171200e-08
1.638052299400731441e-08
1.646498504064721595e-08
1.655228825233538066e-08
1.664250609368986123e-08
1.673571561870736497e-08
1.683199783273171624e-08
1.693144029313886200e-08
1.703413234610593861e-08
1.714016177780156130e-08
1.724961232328526604e-08
1.736257184118389385e-08
1.747913320596955733e-08
1.759939675180343658e-08
1.772346001265348474e-08
1.785141546561108498e-08
1.798335229877007616e-08
1.811936885019701881e-08
1.825957036982697061e-08
1.840405141330059150e-08
1.855289007063710374e-08
1.870616403222563471e-08
1.886396604416272469e-08
1.902639019150126820e-08
1.919349697539935558e-08
1.936532928060646842e-08
1.954194152497204678e-08
1.972339187034294280e-08
1.990970220701387482e-08
2.010086644814366815e-08
2.029690148142247609e-08
2.049783866148045792e-08
2.070366911293440821e-08
2.091437985999958527e-08
2.113002685572215828e-08
2.135063597572420796e-08
2.157619573831421713e-08
2.180678587377747550e-08
2.204246967070387555e-08
2.228321039404412024e-08
2.252906338123957328e-08
2.278010415929703573e-08
2.303626813581413760e-08
2.329756835534831669e-08
2.356404716411981035e-08
2.383562558108009200e-08
2.411236196607114970e-08
2.439432087069736633e-08
2.468148432245616194e-08
2.497396612596747908e-08
2.527171403150280742e-08
2.557465311981621269e-08
2.588274353529985672e-08
2.619569419875555664e-08
2.651335765186164567e-08
2.683539884317442058e-08
2.716146114143698138e-08
2.749127726334172613e-08
2.782428953970086388e-08
2.816016061153929555e-08
2.849828714917894668e-08
2.883826170510243607e-08
2.917980293936528607e-08
2.952254018429438927e-08
2.986650964578626129e-08
3.021158152240131169e-08
3.055789093916612324e-08
3.090526488364353359e-08
3.125372028291012262e-08
3.160293489514260610e-08
3.195259790147423853e-08
3.230203367735940438e-08
3.265038532993180503e-08
3.299672808571483760e-08
3.334005601133564084e-08
3.367958103347336889e-08
3.401457674368456578e-08
3.434458566912993994e-08
3.466918602395099215e-08
3.498804043294054388e-08
3.530070332146269584e-08
3.560674346314212076e-08
3.590554813125594647e-08
3.619656649522585654e-08
3.647914448503300725e-08
3.675279929346074236e-08
3.701668445666644314e-08
3.726976242528570620e-08
3.751070781966837008e-08
3.773812389674582676e-08
3.795108424893684929e-08
3.814922673797756011e-08
3.833249352231776195e-08
3.850083313811067237e-08
3.865368669420617647e-08
3.879024683087791560e-08
3.890929456305827843e-08
3.900950146989613951e-08
3.908968582455654102e-08
3.914897260899526150e-08
3.918701504268975273e-08
3.920373622287167312e-08
3.919904837680223723e-08
3.917240243705479717e-08
3.912299640616741680e-08
3.904987543876774402e-08
3.895219558968421053e-08
3.882931448736989088e-08
3.868110014003371645e-08
3.850762603077387463e-08
3.830900039509398773e-08
3.808504766136734035e-08
3.783529105531072646e-08
3.755914083950493927e-08
3.725637839184709058e-08
3.692743787029130142e-08
3.657290909891427099e-08
3.619319364108868227e-08
3.578830484482290615e-08
3.535831115110578873e-08
3.490348469537353144e-08
3.442473528744731141e-08
3.392302658604974849e-08
3.339915977372525120e-08
3.285374329433159279e-08
3.228748888725360522e-08
3.170151017597760394e-08
3.109717674745478152e-08
3.047589907058056083e-08
2.983870770051896767e-08
2.918680726635518133e-08
2.852176010081004824e-08
2.784533850814715917e-08
2.715900248028721828e-08
2.646433359482863397e-08
2.576289324992993485e-08
2.505658309189568646e-08
2.434716270394021875e-08
2.363629091301409125e-08
2.292564085780154910e-08
2.221699736572998549e-08
2.151213133295547597e-08
2.081253511126778633e-08
2.011978901995238029e-08
1.943545527866009301e-08
1.876091238321080138e-08
1.809741025884222237e-08
1.744614536730098745e-08
1.680818829672089012e-08
1.618439412229267245e-08
1.557551423174725541e-08
1.498217422841539843e-08
1.440477720190559821e-08
1.384359858030943785e-08
1.329878098142868534e-08
1.277028446318776041e-08
1.225794887342697658e-08
1.176150133890880540e-08
1.128054962896267591e-08
1.081462118495244770e-08
1.036318187378586550e-08
9.925667895691517970e-09
9.501510237075827234e-09
9.090156008318516121e-09
8.691094015012391805e-09
8.303876204904932568e-09
7.928137917318683004e-09
7.563622263959296819e-09
7.210180242229703648e-09
6.867770604176635441e-09
6.536459981846119374e-09
6.216408166461631488e-09
5.907837126560718233e-09
5.611011596482405488e-09
5.326201996762641614e-09
5.053647882881484370e-09
4.793522451895959757e-09
4.545893319740516966e-09
4.310696464832568184e-09
4.087716762367665191e-09
3.876584666515841007e-09
3.676792232492925792e-09
3.487717645584928964e-09
3.308663345564345978e-09
3.138907584394180948e-09
2.977751731325908104e-09
2.824563136385097828e-09
2.678802553425200109e-09
2.540044296061069294e-09
2.407974650336638668e-09
2.282372851709541128e-09
2.163074913769556154e-09
2.049939683939651854e-09
1.942812571058832860e-09
1.841507632872592271e-09
1.745797185849448606e-09
1.655412604760656218e-09
1.570051226008276245e-09
1.489397673407273170e-09
1.413142471669225851e-09
1.340998099761589627e-09
1.272704523975070234e-09
1.208044424369614198e-09
1.146833250021298516e-09
1.088899796578399834e-09
1.034084995120097764e-09
9.822411153561014763e-10
9.332170405902010771e-10
8.868443930084116581e-10
8.429584070923002968e-10
8.013978572511260274e-10
7.620236639129144940e-10
7.247126512279345126e-10
6.893384933804884481e-10
6.557937626316430304e-10
6.239768655329077425e-10
5.937816124465282411e-10
5.651090600018915303e-10
5.378676956073762803e-10
5.119731630569912845e-10
4.873431772496725377e-10
4.639065605738169829e-10
4.415929060438262334e-10
4.203356268542026011e-10
4.000751906678813481e-10
3.807547323204840148e-10
3.623223247842251424e-10
3.447292776670743485e-10
3.279298650374834229e-10
3.118823589392964570e-10
2.965480628161140786e-10
2.818910173707493372e-10
2.678778048963922189e-10
2.544774748905470019e-10
2.416615378728515525e-10
2.294032609311623584e-10
2.176779730376681550e-10
2.064628285425651680e-10
1.957363136228243483e-10
1.854784067520663441e-10
1.756705504664697593e-10
1.662951305900710769e-10
1.573355628142455305e-10
1.487763962749079603e-10
1.406028547336651987e-10
1.328008252724056985e-10
1.253570328135862221e-10
1.182587059407338306e-10
1.114934708741904313e-10
1.050495431949576069e-10
9.891554583064735201e-11
9.308030191391171722e-11
8.753306748828586611e-11
8.226339803372574886e-11
7.726100059861415179e-11
7.251584133749203766e-11
6.801818234568573028e-11
6.375839029345480363e-11
5.972700655918937157e-11
5.591488446001371711e-11
5.231295556923026250e-11
4.891231680061742763e-11
4.570434941524805807e-11
4.268056682924432991e-11
3.983262602691908427e-11
3.715247593215583861e-11
3.463222014293044729e-11
3.226414354494321501e-11
3.004080528122973065e-11
2.795494661258502008e-11
2.599952129138302915e-11
2.416775294002603952e-11
2.245305158059694519e-11
2.084908619221565549e-11
1.934976290225208504e-11
1.794920929307105295e-11
1.664180664038671153e-11
1.542216129140454061e-11
1.428511778721035548e-11
1.322575030900227934e-11
1.223936383969861967e-11
1.132147777709719231e-11
1.046784513725779854e-11
9.674416986336602544e-12
8.937366223087725794e-12
8.253059479769402318e-12
7.618064122011292961e-12
7.029138736038338490e-12
6.483220319827589649e-12
5.977424579445658378e-12
5.509031458407721061e-12
5.075481833444327750e-12
4.674370491379124756e-12
4.303439803128256494e-12
3.960572088494726237e-12
3.643783078946495876e-12
3.351215913495322435e-12
3.081132141076912985e-12
2.831906342217773029e-12
2.602019831189646468e-12
2.390056191202216303e-12
2.194692486610158874e-12
2.014697597303571054e-12
1.848924354680021347e-12
1.696305649450612105e-12
1.555850130483595912e-12
1.426632880443057441e-12
1.307795131799137216e-12
1.198539614061902626e-12
1.098127360851923994e-12
1.005873360266798903e-12
9.211436933462522166e-13
8.433497465198232574e-13
7.719453799213847790e-13
7.064256095884614088e-13
6.463232141723094421e-13
5.912071430767284263e-13
5.406788222317861625e-13
4.943680250433369270e-13
4.519335198115682628e-13
4.130600765685566369e-13
3.774582496203686170e-13
3.448591095785324724e-13
3.150159358016100695e-13
2.877019742562528560e-13
2.627089629471887179e-13
2.398434503575537556e-13
2.189290570413854546e-13
1.998055663486771885e-13
1.823233347707225748e-13
1.663462309278901830e-13
1.517507589778396280e-13
1.384209127675912384e-13
1.262521191718011275e-13
1.151470238743901700e-13
1.050148888693490673e-13
9.577283185526301956e-14
8.734201488095228781e-14
7.965247230855941213e-14
7.263720845880305929e-14
6.623842380130686183e-14
6.040127187070172007e-14
5.507826394093404664e-14
5.022511255464134409e-14
4.580197706826036937e-14
4.177218805761495993e-14
3.810076646435625469e-14
3.475602415121211271e-14
3.170880954210786898e-14
2.893232089392075207e-14
2.640274554418759017e-14
2.409826608299383375e-14
2.199910333008099378e-14
2.008688280679755980e-14
1.834510305710410117e-14
1.675873056185795751e-14
1.531400627338851061e-14
1.399836838025596861e-14
1.280044376651603398e-14
1.170982974652570240e-14
1.071701757750927069e-14
9.813468505330680202e-15
8.991234455009667444e-15
8.243029793397318034e-15
7.562319901886160315e-15
6.943474393644454548e-15
6.380716561282827364e-15
5.869383442112313227e-15
5.404810357864037904e-15
4.983202376319754595e-15
4.600620732689421741e-15
4.253696815863937051e-15
3.939441598370818112e-15
3.654989481322006977e-15
3.397742944089092185e-15
3.165337865651354430e-15
2.955567543203267989e-15
2.766540524779931561e-15
2.596379281872668155e-15
2.443374728769930806e-15
2.306102109474582898e-15
2.182980889739361207e-15
2.072850565079169336e-15
1.974442635549857854e-15
1.886701223731113533e-15
1.808661891769075153e-15
1.739420084728183141e-15
1.678175363678171880e-15
1.624254267073926696e-15
1.576979813287903892e-15
1.535761362496826494e-15
1.500025903486843091e-15
